Frequent 0-itemsets:
itemset (occurrence)
{} (8124)
Frequent 1-itemsets:
itemset (occurrence)
116 (3148)
6 (3152)
10 (3244)
23 (3376)
52 (3516)
28 (3528)
3 (3656)
56 (3776)
1 (3916)
93 (3968)
110 (4040)
2 (4208)
76 (4384)
67 (4464)
53 (4608)
24 (4748)
63 (4936)
59 (5176)
39 (5612)
36 (6812)
90 (7488)
34 (7914)
86 (7924)
85 (8124)
Frequent 2-itemsets:
itemset (occurrence)
116 36 (2956)
116 90 (3104)
116 34 (3130)
116 86 (3148)
116 85 (3148)
6 90 (3020)
6 34 (3098)
6 86 (3102)
6 85 (3152)
10 36 (3208)
10 90 (3052)
10 34 (3226)
10 86 (3236)
10 85 (3244)
23 93 (3184)
23 63 (3040)
23 59 (3232)
23 39 (3016)
23 36 (3272)
23 90 (3080)
23 34 (3376)
23 86 (3376)
23 85 (3376)
52 36 (3068)
52 90 (2880)
52 34 (3306)
52 86 (3316)
52 85 (3516)
28 2 (3408)
28 63 (2872)
28 59 (2920)
28 39 (3288)
28 90 (2928)
28 34 (3336)
28 86 (3328)
28 85 (3528)
3 36 (3016)
3 90 (3464)
3 34 (3602)
3 86 (3608)
3 85 (3656)
56 39 (3432)
56 36 (3528)
56 90 (3656)
56 34 (3776)
56 86 (3776)
56 85 (3776)
1 110 (2848)
1 24 (3292)
1 36 (3804)
1 90 (3808)
1 34 (3898)
1 86 (3908)
1 85 (3916)
93 2 (3152)
93 63 (3472)
93 59 (3664)
93 39 (3320)
93 36 (3480)
93 90 (3560)
93 34 (3776)
93 86 (3776)
93 85 (3968)
110 36 (3848)
110 90 (3952)
110 34 (3944)
110 86 (3944)
110 85 (4040)
2 63 (3400)
2 59 (3640)
2 39 (3920)
2 36 (3008)
2 90 (3680)
2 34 (4016)
2 86 (4016)
2 85 (4208)
76 67 (3520)
76 63 (3040)
76 59 (3280)
76 36 (3128)
76 90 (3896)
76 34 (4384)
76 86 (4384)
76 85 (4384)
67 63 (3064)
67 59 (3304)
67 36 (3160)
67 90 (3976)
67 34 (4464)
67 86 (4464)
67 85 (4464)
53 63 (3216)
53 59 (3216)
53 36 (3744)
53 90 (4608)
53 34 (4608)
53 86 (4608)
53 85 (4608)
24 36 (3540)
24 90 (4408)
24 34 (4538)
24 86 (4548)
24 85 (4748)
63 59 (4156)
63 39 (3400)
63 36 (4184)
63 90 (4496)
63 34 (4744)
63 86 (4744)
63 85 (4936)
59 39 (3592)
59 36 (4424)
59 90 (4736)
59 34 (4984)
59 86 (4984)
59 85 (5176)
39 36 (4556)
39 90 (4976)
39 34 (5402)
39 86 (5420)
39 85 (5612)
36 90 (6464)
36 34 (6602)
36 86 (6620)
36 85 (6812)
90 34 (7296)
90 86 (7288)
90 85 (7488)
34 86 (7906)
34 85 (7914)
86 85 (7924)
Frequent 3-itemsets:
itemset (occurrence)
116 36 90 (2912)
116 36 34 (2938)
116 36 86 (2956)
116 36 85 (2956)
116 90 34 (3104)
116 90 86 (3104)
116 90 85 (3104)
116 34 86 (3130)
116 34 85 (3130)
116 86 85 (3148)
6 90 34 (2972)
6 90 86 (2970)
6 90 85 (3020)
6 34 86 (3096)
6 34 85 (3098)
6 86 85 (3102)
10 36 90 (3016)
10 36 34 (3190)
10 36 86 (3208)
10 36 85 (3208)
10 90 34 (3052)
10 90 86 (3044)
10 90 85 (3052)
10 34 86 (3218)
10 34 85 (3226)
10 86 85 (3236)
23 93 63 (2848)
23 93 59 (3040)
23 93 36 (3080)
23 93 90 (3080)
23 93 34 (3184)
23 93 86 (3184)
23 93 85 (3184)
23 63 59 (2968)
23 63 36 (2936)
23 63 34 (3040)
23 63 86 (3040)
23 63 85 (3040)
23 59 39 (2872)
23 59 36 (3128)
23 59 90 (2936)
23 59 34 (3232)
23 59 86 (3232)
23 59 85 (3232)
23 39 36 (3016)
23 39 34 (3016)
23 39 86 (3016)
23 39 85 (3016)
23 36 90 (2976)
23 36 34 (3272)
23 36 86 (3272)
23 36 85 (3272)
23 90 34 (3080)
23 90 86 (3080)
23 90 85 (3080)
23 34 86 (3376)
23 34 85 (3376)
23 86 85 (3376)
52 36 34 (2858)
52 36 86 (2876)
52 36 85 (3068)
52 90 85 (2880)
52 34 86 (3298)
52 34 85 (3306)
52 86 85 (3316)
28 2 39 (3216)
28 2 90 (2880)
28 2 34 (3216)
28 2 86 (3216)
28 2 85 (3408)
28 63 85 (2872)
28 59 85 (2920)
28 39 34 (3096)
28 39 86 (3096)
28 39 85 (3288)
28 90 85 (2928)
28 34 86 (3328)
28 34 85 (3336)
28 86 85 (3328)
3 36 90 (2920)
3 36 34 (2962)
3 36 86 (2968)
3 36 85 (3016)
3 90 34 (3416)
3 90 86 (3416)
3 90 85 (3464)
3 34 86 (3602)
3 34 85 (3602)
3 86 85 (3608)
56 39 36 (3432)
56 39 90 (3312)
56 39 34 (3432)
56 39 86 (3432)
56 39 85 (3432)
56 36 90 (3408)
56 36 34 (3528)
56 36 86 (3528)
56 36 85 (3528)
56 90 34 (3656)
56 90 86 (3656)
56 90 85 (3656)
56 34 86 (3776)
56 34 85 (3776)
56 86 85 (3776)
1 110 34 (2848)
1 110 86 (2848)
1 110 85 (2848)
1 24 36 (3188)
1 24 90 (3256)
1 24 34 (3274)
1 24 86 (3284)
1 24 85 (3292)
1 36 90 (3696)
1 36 34 (3786)
1 36 86 (3804)
1 36 85 (3804)
1 90 34 (3808)
1 90 86 (3800)
1 90 85 (3808)
1 34 86 (3890)
1 34 85 (3898)
1 86 85 (3908)
93 2 59 (2992)
93 2 39 (2960)
93 2 34 (2960)
93 2 86 (2960)
93 2 85 (3152)
93 63 59 (3328)
93 63 36 (3128)
93 63 90 (3224)
93 63 34 (3280)
93 63 86 (3280)
93 63 85 (3472)
93 59 39 (3016)
93 59 36 (3320)
93 59 90 (3416)
93 59 34 (3472)
93 59 86 (3472)
93 59 85 (3664)
93 39 36 (3032)
93 39 90 (2912)
93 39 34 (3128)
93 39 86 (3128)
93 39 85 (3320)
93 36 90 (3360)
93 36 34 (3288)
93 36 86 (3288)
93 36 85 (3480)
93 90 34 (3368)
93 90 86 (3368)
93 90 85 (3560)
93 34 86 (3776)
93 34 85 (3776)
93 86 85 (3776)
110 36 90 (3760)
110 36 34 (3752)
110 36 86 (3752)
110 36 85 (3848)
110 90 34 (3856)
110 90 86 (3856)
110 90 85 (3952)
110 34 86 (3944)
110 34 85 (3944)
110 86 85 (3944)
2 63 59 (3124)
2 63 39 (3184)
2 63 90 (3032)
2 63 34 (3208)
2 63 86 (3208)
2 63 85 (3400)
2 59 39 (3376)
2 59 36 (2992)
2 59 90 (3272)
2 59 34 (3448)
2 59 86 (3448)
2 59 85 (3640)
2 39 36 (2864)
2 39 90 (3392)
2 39 34 (3728)
2 39 86 (3728)
2 39 85 (3920)
2 36 85 (3008)
2 90 34 (3488)
2 90 86 (3488)
2 90 85 (3680)
2 34 86 (4016)
2 34 85 (4016)
2 86 85 (4016)
76 67 90 (3080)
76 67 34 (3520)
76 67 86 (3520)
76 67 85 (3520)
76 63 34 (3040)
76 63 86 (3040)
76 63 85 (3040)
76 59 90 (2936)
76 59 34 (3280)
76 59 86 (3280)
76 59 85 (3280)
76 36 90 (2928)
76 36 34 (3128)
76 36 86 (3128)
76 36 85 (3128)
76 90 34 (3896)
76 90 86 (3896)
76 90 85 (3896)
76 34 86 (4384)
76 34 85 (4384)
76 86 85 (4384)
67 63 34 (3064)
67 63 86 (3064)
67 63 85 (3064)
67 59 90 (2960)
67 59 34 (3304)
67 59 86 (3304)
67 59 85 (3304)
67 36 90 (2960)
67 36 34 (3160)
67 36 86 (3160)
67 36 85 (3160)
67 90 34 (3976)
67 90 86 (3976)
67 90 85 (3976)
67 34 86 (4464)
67 34 85 (4464)
67 86 85 (4464)
53 63 90 (3216)
53 63 34 (3216)
53 63 86 (3216)
53 63 85 (3216)
53 59 90 (3216)
53 59 34 (3216)
53 59 86 (3216)
53 59 85 (3216)
53 36 90 (3744)
53 36 34 (3744)
53 36 86 (3744)
53 36 85 (3744)
53 90 34 (4608)
53 90 86 (4608)
53 90 85 (4608)
53 34 86 (4608)
53 34 85 (4608)
53 86 85 (4608)
24 36 90 (3488)
24 36 34 (3330)
24 36 86 (3348)
24 36 85 (3540)
24 90 34 (4216)
24 90 86 (4208)
24 90 85 (4408)
24 34 86 (4530)
24 34 85 (4538)
24 86 85 (4548)
63 59 39 (3064)
63 59 36 (3680)
63 59 90 (3788)
63 59 34 (3964)
63 59 86 (3964)
63 59 85 (4156)
63 39 36 (2872)
63 39 90 (2960)
63 39 34 (3208)
63 39 86 (3208)
63 39 85 (3400)
63 36 90 (3888)
63 36 34 (3992)
63 36 86 (3992)
63 36 85 (4184)
63 90 34 (4304)
63 90 86 (4304)
63 90 85 (4496)
63 34 86 (4744)
63 34 85 (4744)
63 86 85 (4744)
59 39 36 (3064)
59 39 90 (3152)
59 39 34 (3400)
59 39 86 (3400)
59 39 85 (3592)
59 36 90 (4128)
59 36 34 (4232)
59 36 86 (4232)
59 36 85 (4424)
59 90 34 (4544)
59 90 86 (4544)
59 90 85 (4736)
59 34 86 (4984)
59 34 85 (4984)
59 86 85 (4984)
39 36 90 (4208)
39 36 34 (4346)
39 36 86 (4364)
39 36 85 (4556)
39 90 34 (4784)
39 90 86 (4784)
39 90 85 (4976)
39 34 86 (5402)
39 34 85 (5402)
39 86 85 (5420)
36 90 34 (6272)
36 90 86 (6272)
36 90 85 (6464)
36 34 86 (6602)
36 34 85 (6602)
36 86 85 (6620)
90 34 86 (7288)
90 34 85 (7296)
90 86 85 (7288)
34 86 85 (7906)
Frequent 4-itemsets:
itemset (occurrence)
116 36 90 34 (2912)
116 36 90 86 (2912)
116 36 90 85 (2912)
116 36 34 86 (2938)
116 36 34 85 (2938)
116 36 86 85 (2956)
116 90 34 86 (3104)
116 90 34 85 (3104)
116 90 86 85 (3104)
116 34 86 85 (3130)
6 90 34 86 (2970)
6 90 34 85 (2972)
6 90 86 85 (2970)
6 34 86 85 (3096)
10 36 90 34 (3016)
10 36 90 86 (3016)
10 36 90 85 (3016)
10 36 34 86 (3190)
10 36 34 85 (3190)
10 36 86 85 (3208)
10 90 34 86 (3044)
10 90 34 85 (3052)
10 90 86 85 (3044)
10 34 86 85 (3218)
23 93 63 34 (2848)
23 93 63 86 (2848)
23 93 63 85 (2848)
23 93 59 36 (2936)
23 93 59 90 (2936)
23 93 59 34 (3040)
23 93 59 86 (3040)
23 93 59 85 (3040)
23 93 36 90 (2976)
23 93 36 34 (3080)
23 93 36 86 (3080)
23 93 36 85 (3080)
23 93 90 34 (3080)
23 93 90 86 (3080)
23 93 90 85 (3080)
23 93 34 86 (3184)
23 93 34 85 (3184)
23 93 86 85 (3184)
23 63 59 36 (2864)
23 63 59 34 (2968)
23 63 59 86 (2968)
23 63 59 85 (2968)
23 63 36 34 (2936)
23 63 36 86 (2936)
23 63 36 85 (2936)
23 63 34 86 (3040)
23 63 34 85 (3040)
23 63 86 85 (3040)
23 59 39 36 (2872)
23 59 39 34 (2872)
23 59 39 86 (2872)
23 59 39 85 (2872)
23 59 36 34 (3128)
23 59 36 86 (3128)
23 59 36 85 (3128)
23 59 90 34 (2936)
23 59 90 86 (2936)
23 59 90 85 (2936)
23 59 34 86 (3232)
23 59 34 85 (3232)
23 59 86 85 (3232)
23 39 36 34 (3016)
23 39 36 86 (3016)
23 39 36 85 (3016)
23 39 34 86 (3016)
23 39 34 85 (3016)
23 39 86 85 (3016)
23 36 90 34 (2976)
23 36 90 86 (2976)
23 36 90 85 (2976)
23 36 34 86 (3272)
23 36 34 85 (3272)
23 36 86 85 (3272)
23 90 34 86 (3080)
23 90 34 85 (3080)
23 90 86 85 (3080)
23 34 86 85 (3376)
52 36 34 86 (2858)
52 36 34 85 (2858)
52 36 86 85 (2876)
52 34 86 85 (3298)
28 2 39 34 (3024)
28 2 39 86 (3024)
28 2 39 85 (3216)
28 2 90 85 (2880)
28 2 34 86 (3216)
28 2 34 85 (3216)
28 2 86 85 (3216)
28 39 34 86 (3096)
28 39 34 85 (3096)
28 39 86 85 (3096)
28 34 86 85 (3328)
3 36 90 34 (2872)
3 36 90 86 (2872)
3 36 90 85 (2920)
3 36 34 86 (2962)
3 36 34 85 (2962)
3 36 86 85 (2968)
3 90 34 86 (3416)
3 90 34 85 (3416)
3 90 86 85 (3416)
3 34 86 85 (3602)
56 39 36 90 (3312)
56 39 36 34 (3432)
56 39 36 86 (3432)
56 39 36 85 (3432)
56 39 90 34 (3312)
56 39 90 86 (3312)
56 39 90 85 (3312)
56 39 34 86 (3432)
56 39 34 85 (3432)
56 39 86 85 (3432)
56 36 90 34 (3408)
56 36 90 86 (3408)
56 36 90 85 (3408)
56 36 34 86 (3528)
56 36 34 85 (3528)
56 36 86 85 (3528)
56 90 34 86 (3656)
56 90 34 85 (3656)
56 90 86 85 (3656)
56 34 86 85 (3776)
1 110 34 86 (2848)
1 110 34 85 (2848)
1 110 86 85 (2848)
1 24 36 90 (3152)
1 24 36 34 (3170)
1 24 36 86 (3188)
1 24 36 85 (3188)
1 24 90 34 (3256)
1 24 90 86 (3248)
1 24 90 85 (3256)
1 24 34 86 (3266)
1 24 34 85 (3274)
1 24 86 85 (3284)
1 36 90 34 (3696)
1 36 90 86 (3696)
1 36 90 85 (3696)
1 36 34 86 (3786)
1 36 34 85 (3786)
1 36 86 85 (3804)
1 90 34 86 (3800)
1 90 34 85 (3808)
1 90 86 85 (3800)
1 34 86 85 (3890)
93 2 59 85 (2992)
93 2 39 85 (2960)
93 2 34 86 (2960)
93 2 34 85 (2960)
93 2 86 85 (2960)
93 63 59 36 (3056)
93 63 59 90 (3152)
93 63 59 34 (3136)
93 63 59 86 (3136)
93 63 59 85 (3328)
93 63 36 90 (3024)
93 63 36 34 (2936)
93 63 36 86 (2936)
93 63 36 85 (3128)
93 63 90 34 (3032)
93 63 90 86 (3032)
93 63 90 85 (3224)
93 63 34 86 (3280)
93 63 34 85 (3280)
93 63 86 85 (3280)
93 59 39 36 (2872)
93 59 39 85 (3016)
93 59 36 90 (3216)
93 59 36 34 (3128)
93 59 36 86 (3128)
93 59 36 85 (3320)
93 59 90 34 (3224)
93 59 90 86 (3224)
93 59 90 85 (3416)
93 59 34 86 (3472)
93 59 34 85 (3472)
93 59 86 85 (3472)
93 39 36 90 (2912)
93 39 36 85 (3032)
93 39 90 85 (2912)
93 39 34 86 (3128)
93 39 34 85 (3128)
93 39 86 85 (3128)
93 36 90 34 (3168)
93 36 90 86 (3168)
93 36 90 85 (3360)
93 36 34 86 (3288)
93 36 34 85 (3288)
93 36 86 85 (3288)
93 90 34 86 (3368)
93 90 34 85 (3368)
93 90 86 85 (3368)
93 34 86 85 (3776)
110 36 90 34 (3664)
110 36 90 86 (3664)
110 36 90 85 (3760)
110 36 34 86 (3752)
110 36 34 85 (3752)
110 36 86 85 (3752)
110 90 34 86 (3856)
110 90 34 85 (3856)
110 90 86 85 (3856)
110 34 86 85 (3944)
2 63 59 39 (2920)
2 63 59 34 (2932)
2 63 59 86 (2932)
2 63 59 85 (3124)
2 63 39 34 (2992)
2 63 39 86 (2992)
2 63 39 85 (3184)
2 63 90 85 (3032)
2 63 34 86 (3208)
2 63 34 85 (3208)
2 63 86 85 (3208)
2 59 39 36 (2848)
2 59 39 90 (3008)
2 59 39 34 (3184)
2 59 39 86 (3184)
2 59 39 85 (3376)
2 59 36 85 (2992)
2 59 90 34 (3080)
2 59 90 86 (3080)
2 59 90 85 (3272)
2 59 34 86 (3448)
2 59 34 85 (3448)
2 59 86 85 (3448)
2 39 36 85 (2864)
2 39 90 34 (3200)
2 39 90 86 (3200)
2 39 90 85 (3392)
2 39 34 86 (3728)
2 39 34 85 (3728)
2 39 86 85 (3728)
2 90 34 86 (3488)
2 90 34 85 (3488)
2 90 86 85 (3488)
2 34 86 85 (4016)
76 67 90 34 (3080)
76 67 90 86 (3080)
76 67 90 85 (3080)
76 67 34 86 (3520)
76 67 34 85 (3520)
76 67 86 85 (3520)
76 63 34 86 (3040)
76 63 34 85 (3040)
76 63 86 85 (3040)
76 59 90 34 (2936)
76 59 90 86 (2936)
76 59 90 85 (2936)
76 59 34 86 (3280)
76 59 34 85 (3280)
76 59 86 85 (3280)
76 36 90 34 (2928)
76 36 90 86 (2928)
76 36 90 85 (2928)
76 36 34 86 (3128)
76 36 34 85 (3128)
76 36 86 85 (3128)
76 90 34 86 (3896)
76 90 34 85 (3896)
76 90 86 85 (3896)
76 34 86 85 (4384)
67 63 34 86 (3064)
67 63 34 85 (3064)
67 63 86 85 (3064)
67 59 90 34 (2960)
67 59 90 86 (2960)
67 59 90 85 (2960)
67 59 34 86 (3304)
67 59 34 85 (3304)
67 59 86 85 (3304)
67 36 90 34 (2960)
67 36 90 86 (2960)
67 36 90 85 (2960)
67 36 34 86 (3160)
67 36 34 85 (3160)
67 36 86 85 (3160)
67 90 34 86 (3976)
67 90 34 85 (3976)
67 90 86 85 (3976)
67 34 86 85 (4464)
53 63 90 34 (3216)
53 63 90 86 (3216)
53 63 90 85 (3216)
53 63 34 86 (3216)
53 63 34 85 (3216)
53 63 86 85 (3216)
53 59 90 34 (3216)
53 59 90 86 (3216)
53 59 90 85 (3216)
53 59 34 86 (3216)
53 59 34 85 (3216)
53 59 86 85 (3216)
53 36 90 34 (3744)
53 36 90 86 (3744)
53 36 90 85 (3744)
53 36 34 86 (3744)
53 36 34 85 (3744)
53 36 86 85 (3744)
53 90 34 86 (4608)
53 90 34 85 (4608)
53 90 86 85 (4608)
53 34 86 85 (4608)
24 36 90 34 (3296)
24 36 90 86 (3296)
24 36 90 85 (3488)
24 36 34 86 (3330)
24 36 34 85 (3330)
24 36 86 85 (3348)
24 90 34 86 (4208)
24 90 34 85 (4216)
24 90 86 85 (4208)
24 34 86 85 (4530)
63 59 39 34 (2872)
63 59 39 86 (2872)
63 59 39 85 (3064)
63 59 36 90 (3384)
63 59 36 34 (3488)
63 59 36 86 (3488)
63 59 36 85 (3680)
63 59 90 34 (3596)
63 59 90 86 (3596)
63 59 90 85 (3788)
63 59 34 86 (3964)
63 59 34 85 (3964)
63 59 86 85 (3964)
63 39 36 85 (2872)
63 39 90 85 (2960)
63 39 34 86 (3208)
63 39 34 85 (3208)
63 39 86 85 (3208)
63 36 90 34 (3696)
63 36 90 86 (3696)
63 36 90 85 (3888)
63 36 34 86 (3992)
63 36 34 85 (3992)
63 36 86 85 (3992)
63 90 34 86 (4304)
63 90 34 85 (4304)
63 90 86 85 (4304)
63 34 86 85 (4744)
59 39 36 34 (2872)
59 39 36 86 (2872)
59 39 36 85 (3064)
59 39 90 34 (2960)
59 39 90 86 (2960)
59 39 90 85 (3152)
59 39 34 86 (3400)
59 39 34 85 (3400)
59 39 86 85 (3400)
59 36 90 34 (3936)
59 36 90 86 (3936)
59 36 90 85 (4128)
59 36 34 86 (4232)
59 36 34 85 (4232)
59 36 86 85 (4232)
59 90 34 86 (4544)
59 90 34 85 (4544)
59 90 86 85 (4544)
59 34 86 85 (4984)
39 36 90 34 (4016)
39 36 90 86 (4016)
39 36 90 85 (4208)
39 36 34 86 (4346)
39 36 34 85 (4346)
39 36 86 85 (4364)
39 90 34 86 (4784)
39 90 34 85 (4784)
39 90 86 85 (4784)
39 34 86 85 (5402)
36 90 34 86 (6272)
36 90 34 85 (6272)
36 90 86 85 (6272)
36 34 86 85 (6602)
90 34 86 85 (7288)
Frequent 5-itemsets:
itemset (occurrence)
116 36 90 34 86 (2912)
116 36 90 34 85 (2912)
116 36 90 86 85 (2912)
116 36 34 86 85 (2938)
116 90 34 86 85 (3104)
6 90 34 86 85 (2970)
10 36 90 34 86 (3016)
10 36 90 34 85 (3016)
10 36 90 86 85 (3016)
10 36 34 86 85 (3190)
10 90 34 86 85 (3044)
23 93 63 34 86 (2848)
23 93 63 34 85 (2848)
23 93 63 86 85 (2848)
23 93 59 36 34 (2936)
23 93 59 36 86 (2936)
23 93 59 36 85 (2936)
23 93 59 90 34 (2936)
23 93 59 90 86 (2936)
23 93 59 90 85 (2936)
23 93 59 34 86 (3040)
23 93 59 34 85 (3040)
23 93 59 86 85 (3040)
23 93 36 90 34 (2976)
23 93 36 90 86 (2976)
23 93 36 90 85 (2976)
23 93 36 34 86 (3080)
23 93 36 34 85 (3080)
23 93 36 86 85 (3080)
23 93 90 34 86 (3080)
23 93 90 34 85 (3080)
23 93 90 86 85 (3080)
23 93 34 86 85 (3184)
23 63 59 36 34 (2864)
23 63 59 36 86 (2864)
23 63 59 36 85 (2864)
23 63 59 34 86 (2968)
23 63 59 34 85 (2968)
23 63 59 86 85 (2968)
23 63 36 34 86 (2936)
23 63 36 34 85 (2936)
23 63 36 86 85 (2936)
23 63 34 86 85 (3040)
23 59 39 36 34 (2872)
23 59 39 36 86 (2872)
23 59 39 36 85 (2872)
23 59 39 34 86 (2872)
23 59 39 34 85 (2872)
23 59 39 86 85 (2872)
23 59 36 34 86 (3128)
23 59 36 34 85 (3128)
23 59 36 86 85 (3128)
23 59 90 34 86 (2936)
23 59 90 34 85 (2936)
23 59 90 86 85 (2936)
23 59 34 86 85 (3232)
23 39 36 34 86 (3016)
23 39 36 34 85 (3016)
23 39 36 86 85 (3016)
23 39 34 86 85 (3016)
23 36 90 34 86 (2976)
23 36 90 34 85 (2976)
23 36 90 86 85 (2976)
23 36 34 86 85 (3272)
23 90 34 86 85 (3080)
52 36 34 86 85 (2858)
28 2 39 34 86 (3024)
28 2 39 34 85 (3024)
28 2 39 86 85 (3024)
28 2 34 86 85 (3216)
28 39 34 86 85 (3096)
3 36 90 34 86 (2872)
3 36 90 34 85 (2872)
3 36 90 86 85 (2872)
3 36 34 86 85 (2962)
3 90 34 86 85 (3416)
56 39 36 90 34 (3312)
56 39 36 90 86 (3312)
56 39 36 90 85 (3312)
56 39 36 34 86 (3432)
56 39 36 34 85 (3432)
56 39 36 86 85 (3432)
56 39 90 34 86 (3312)
56 39 90 34 85 (3312)
56 39 90 86 85 (3312)
56 39 34 86 85 (3432)
56 36 90 34 86 (3408)
56 36 90 34 85 (3408)
56 36 90 86 85 (3408)
56 36 34 86 85 (3528)
56 90 34 86 85 (3656)
1 110 34 86 85 (2848)
1 24 36 90 34 (3152)
1 24 36 90 86 (3152)
1 24 36 90 85 (3152)
1 24 36 34 86 (3170)
1 24 36 34 85 (3170)
1 24 36 86 85 (3188)
1 24 90 34 86 (3248)
1 24 90 34 85 (3256)
1 24 90 86 85 (3248)
1 24 34 86 85 (3266)
1 36 90 34 86 (3696)
1 36 90 34 85 (3696)
1 36 90 86 85 (3696)
1 36 34 86 85 (3786)
1 90 34 86 85 (3800)
93 2 34 86 85 (2960)
93 63 59 36 90 (2952)
93 63 59 36 34 (2864)
93 63 59 36 86 (2864)
93 63 59 36 85 (3056)
93 63 59 90 34 (2960)
93 63 59 90 86 (2960)
93 63 59 90 85 (3152)
93 63 59 34 86 (3136)
93 63 59 34 85 (3136)
93 63 59 86 85 (3136)
93 63 36 90 85 (3024)
93 63 36 34 86 (2936)
93 63 36 34 85 (2936)
93 63 36 86 85 (2936)
93 63 90 34 86 (3032)
93 63 90 34 85 (3032)
93 63 90 86 85 (3032)
93 63 34 86 85 (3280)
93 59 39 36 85 (2872)
93 59 36 90 34 (3024)
93 59 36 90 86 (3024)
93 59 36 90 85 (3216)
93 59 36 34 86 (3128)
93 59 36 34 85 (3128)
93 59 36 86 85 (3128)
93 59 90 34 86 (3224)
93 59 90 34 85 (3224)
93 59 90 86 85 (3224)
93 59 34 86 85 (3472)
93 39 36 90 85 (2912)
93 39 34 86 85 (3128)
93 36 90 34 86 (3168)
93 36 90 34 85 (3168)
93 36 90 86 85 (3168)
93 36 34 86 85 (3288)
93 90 34 86 85 (3368)
110 36 90 34 86 (3664)
110 36 90 34 85 (3664)
110 36 90 86 85 (3664)
110 36 34 86 85 (3752)
110 90 34 86 85 (3856)
2 63 59 39 85 (2920)
2 63 59 34 86 (2932)
2 63 59 34 85 (2932)
2 63 59 86 85 (2932)
2 63 39 34 86 (2992)
2 63 39 34 85 (2992)
2 63 39 86 85 (2992)
2 63 34 86 85 (3208)
2 59 39 36 85 (2848)
2 59 39 90 85 (3008)
2 59 39 34 86 (3184)
2 59 39 34 85 (3184)
2 59 39 86 85 (3184)
2 59 90 34 86 (3080)
2 59 90 34 85 (3080)
2 59 90 86 85 (3080)
2 59 34 86 85 (3448)
2 39 90 34 86 (3200)
2 39 90 34 85 (3200)
2 39 90 86 85 (3200)
2 39 34 86 85 (3728)
2 90 34 86 85 (3488)
76 67 90 34 86 (3080)
76 67 90 34 85 (3080)
76 67 90 86 85 (3080)
76 67 34 86 85 (3520)
76 63 34 86 85 (3040)
76 59 90 34 86 (2936)
76 59 90 34 85 (2936)
76 59 90 86 85 (2936)
76 59 34 86 85 (3280)
76 36 90 34 86 (2928)
76 36 90 34 85 (2928)
76 36 90 86 85 (2928)
76 36 34 86 85 (3128)
76 90 34 86 85 (3896)
67 63 34 86 85 (3064)
67 59 90 34 86 (2960)
67 59 90 34 85 (2960)
67 59 90 86 85 (2960)
67 59 34 86 85 (3304)
67 36 90 34 86 (2960)
67 36 90 34 85 (2960)
67 36 90 86 85 (2960)
67 36 34 86 85 (3160)
67 90 34 86 85 (3976)
53 63 90 34 86 (3216)
53 63 90 34 85 (3216)
53 63 90 86 85 (3216)
53 63 34 86 85 (3216)
53 59 90 34 86 (3216)
53 59 90 34 85 (3216)
53 59 90 86 85 (3216)
53 59 34 86 85 (3216)
53 36 90 34 86 (3744)
53 36 90 34 85 (3744)
53 36 90 86 85 (3744)
53 36 34 86 85 (3744)
53 90 34 86 85 (4608)
24 36 90 34 86 (3296)
24 36 90 34 85 (3296)
24 36 90 86 85 (3296)
24 36 34 86 85 (3330)
24 90 34 86 85 (4208)
63 59 39 34 86 (2872)
63 59 39 34 85 (2872)
63 59 39 86 85 (2872)
63 59 36 90 34 (3192)
63 59 36 90 86 (3192)
63 59 36 90 85 (3384)
63 59 36 34 86 (3488)
63 59 36 34 85 (3488)
63 59 36 86 85 (3488)
63 59 90 34 86 (3596)
63 59 90 34 85 (3596)
63 59 90 86 85 (3596)
63 59 34 86 85 (3964)
63 39 34 86 85 (3208)
63 36 90 34 86 (3696)
63 36 90 34 85 (3696)
63 36 90 86 85 (3696)
63 36 34 86 85 (3992)
63 90 34 86 85 (4304)
59 39 36 34 86 (2872)
59 39 36 34 85 (2872)
59 39 36 86 85 (2872)
59 39 90 34 86 (2960)
59 39 90 34 85 (2960)
59 39 90 86 85 (2960)
59 39 34 86 85 (3400)
59 36 90 34 86 (3936)
59 36 90 34 85 (3936)
59 36 90 86 85 (3936)
59 36 34 86 85 (4232)
59 90 34 86 85 (4544)
39 36 90 34 86 (4016)
39 36 90 34 85 (4016)
39 36 90 86 85 (4016)
39 36 34 86 85 (4346)
39 90 34 86 85 (4784)
36 90 34 86 85 (6272)
Frequent 6-itemsets:
itemset (occurrence)
116 36 90 34 86 85 (2912)
10 36 90 34 86 85 (3016)
23 93 63 34 86 85 (2848)
23 93 59 36 34 86 (2936)
23 93 59 36 34 85 (2936)
23 93 59 36 86 85 (2936)
23 93 59 90 34 86 (2936)
23 93 59 90 34 85 (2936)
23 93 59 90 86 85 (2936)
23 93 59 34 86 85 (3040)
23 93 36 90 34 86 (2976)
23 93 36 90 34 85 (2976)
23 93 36 90 86 85 (2976)
23 93 36 34 86 85 (3080)
23 93 90 34 86 85 (3080)
23 63 59 36 34 86 (2864)
23 63 59 36 34 85 (2864)
23 63 59 36 86 85 (2864)
23 63 59 34 86 85 (2968)
23 63 36 34 86 85 (2936)
23 59 39 36 34 86 (2872)
23 59 39 36 34 85 (2872)
23 59 39 36 86 85 (2872)
23 59 39 34 86 85 (2872)
23 59 36 34 86 85 (3128)
23 59 90 34 86 85 (2936)
23 39 36 34 86 85 (3016)
23 36 90 34 86 85 (2976)
28 2 39 34 86 85 (3024)
3 36 90 34 86 85 (2872)
56 39 36 90 34 86 (3312)
56 39 36 90 34 85 (3312)
56 39 36 90 86 85 (3312)
56 39 36 34 86 85 (3432)
56 39 90 34 86 85 (3312)
56 36 90 34 86 85 (3408)
1 24 36 90 34 86 (3152)
1 24 36 90 34 85 (3152)
1 24 36 90 86 85 (3152)
1 24 36 34 86 85 (3170)
1 24 90 34 86 85 (3248)
1 36 90 34 86 85 (3696)
93 63 59 36 90 85 (2952)
93 63 59 36 34 86 (2864)
93 63 59 36 34 85 (2864)
93 63 59 36 86 85 (2864)
93 63 59 90 34 86 (2960)
93 63 59 90 34 85 (2960)
93 63 59 90 86 85 (2960)
93 63 59 34 86 85 (3136)
93 63 36 34 86 85 (2936)
93 63 90 34 86 85 (3032)
93 59 36 90 34 86 (3024)
93 59 36 90 34 85 (3024)
93 59 36 90 86 85 (3024)
93 59 36 34 86 85 (3128)
93 59 90 34 86 85 (3224)
93 36 90 34 86 85 (3168)
110 36 90 34 86 85 (3664)
2 63 59 34 86 85 (2932)
2 63 39 34 86 85 (2992)
2 59 39 34 86 85 (3184)
2 59 90 34 86 85 (3080)
2 39 90 34 86 85 (3200)
76 67 90 34 86 85 (3080)
76 59 90 34 86 85 (2936)
76 36 90 34 86 85 (2928)
67 59 90 34 86 85 (2960)
67 36 90 34 86 85 (2960)
53 63 90 34 86 85 (3216)
53 59 90 34 86 85 (3216)
53 36 90 34 86 85 (3744)
24 36 90 34 86 85 (3296)
63 59 39 34 86 85 (2872)
63 59 36 90 34 86 (3192)
63 59 36 90 34 85 (3192)
63 59 36 90 86 85 (3192)
63 59 36 34 86 85 (3488)
63 59 90 34 86 85 (3596)
63 36 90 34 86 85 (3696)
59 39 36 34 86 85 (2872)
59 39 90 34 86 85 (2960)
59 36 90 34 86 85 (3936)
39 36 90 34 86 85 (4016)
Frequent 7-itemsets:
itemset (occurrence)
23 93 59 36 34 86 85 (2936)
23 93 59 90 34 86 85 (2936)
23 93 36 90 34 86 85 (2976)
23 63 59 36 34 86 85 (2864)
23 59 39 36 34 86 85 (2872)
56 39 36 90 34 86 85 (3312)
1 24 36 90 34 86 85 (3152)
93 63 59 36 34 86 85 (2864)
93 63 59 90 34 86 85 (2960)
93 59 36 90 34 86 85 (3024)
63 59 36 90 34 86 85 (3192)

Association rules:
condition ==>consequence (confidence, occurrence)

116 ==> 36 (0.939009, 2956)
116 ==> 36 90 (0.925032, 2912)
116 ==> 36 90 34 (0.925032, 2912)
116 ==> 36 90 34 86 (0.925032, 2912)
116 ==> 36 90 34 86 85 (0.925032, 2912)
116 ==> 36 90 34 85 (0.925032, 2912)
116 ==> 36 90 86 (0.925032, 2912)
116 ==> 36 90 86 85 (0.925032, 2912)
116 ==> 36 90 85 (0.925032, 2912)
116 ==> 36 34 (0.933291, 2938)
116 ==> 36 34 86 (0.933291, 2938)
116 ==> 36 34 86 85 (0.933291, 2938)
116 ==> 36 34 85 (0.933291, 2938)
116 ==> 36 86 (0.939009, 2956)
116 ==> 36 86 85 (0.939009, 2956)
116 ==> 36 85 (0.939009, 2956)
116 ==> 90 (0.986023, 3104)
116 ==> 90 34 (0.986023, 3104)
116 ==> 90 34 86 (0.986023, 3104)
116 ==> 90 34 86 85 (0.986023, 3104)
116 ==> 90 34 85 (0.986023, 3104)
116 ==> 90 86 (0.986023, 3104)
116 ==> 90 86 85 (0.986023, 3104)
116 ==> 90 85 (0.986023, 3104)
116 ==> 34 (0.994282, 3130)
116 ==> 34 86 (0.994282, 3130)
116 ==> 34 86 85 (0.994282, 3130)
116 ==> 34 85 (0.994282, 3130)
116 ==> 86 (1, 3148)
116 ==> 86 85 (1, 3148)
116 ==> 85 (1, 3148)
6 ==> 90 (0.958122, 3020)
6 ==> 90 34 (0.942893, 2972)
6 ==> 90 34 86 (0.942259, 2970)
6 ==> 90 34 86 85 (0.942259, 2970)
6 ==> 90 34 85 (0.942893, 2972)
6 ==> 90 86 (0.942259, 2970)
6 ==> 90 86 85 (0.942259, 2970)
6 ==> 90 85 (0.958122, 3020)
6 ==> 34 (0.982868, 3098)
6 ==> 34 86 (0.982234, 3096)
6 ==> 34 86 85 (0.982234, 3096)
6 ==> 34 85 (0.982868, 3098)
6 ==> 86 (0.984137, 3102)
6 ==> 86 85 (0.984137, 3102)
6 ==> 85 (1, 3152)
10 ==> 36 (0.988903, 3208)
10 ==> 36 90 (0.929716, 3016)
10 ==> 36 90 34 (0.929716, 3016)
10 ==> 36 90 34 86 (0.929716, 3016)
10 ==> 36 90 34 86 85 (0.929716, 3016)
10 ==> 36 90 34 85 (0.929716, 3016)
10 ==> 36 90 86 (0.929716, 3016)
10 ==> 36 90 86 85 (0.929716, 3016)
10 ==> 36 90 85 (0.929716, 3016)
10 ==> 36 34 (0.983354, 3190)
10 ==> 36 34 86 (0.983354, 3190)
10 ==> 36 34 86 85 (0.983354, 3190)
10 ==> 36 34 85 (0.983354, 3190)
10 ==> 36 86 (0.988903, 3208)
10 ==> 36 86 85 (0.988903, 3208)
10 ==> 36 85 (0.988903, 3208)
10 ==> 90 (0.940814, 3052)
10 ==> 90 34 (0.940814, 3052)
10 ==> 90 34 86 (0.938348, 3044)
10 ==> 90 34 86 85 (0.938348, 3044)
10 ==> 90 34 85 (0.940814, 3052)
10 ==> 90 86 (0.938348, 3044)
10 ==> 90 86 85 (0.938348, 3044)
10 ==> 90 85 (0.940814, 3052)
10 ==> 34 (0.994451, 3226)
10 ==> 34 86 (0.991985, 3218)
10 ==> 34 86 85 (0.991985, 3218)
10 ==> 34 85 (0.994451, 3226)
10 ==> 86 (0.997534, 3236)
10 ==> 86 85 (0.997534, 3236)
10 ==> 85 (1, 3244)
23 ==> 93 (0.943128, 3184)
93 ==> 23 (0.802419, 3184)
23 ==> 93 63 (0.843602, 2848)
93 ==> 23 63 (0.717742, 2848)
23 ==> 93 63 34 (0.843602, 2848)
93 ==> 23 63 34 (0.717742, 2848)
63 34 ==> 23 93 (0.600337, 2848)
23 ==> 93 63 34 86 (0.843602, 2848)
93 ==> 23 63 34 86 (0.717742, 2848)
63 34 ==> 23 93 86 (0.600337, 2848)
63 86 ==> 23 93 34 (0.600337, 2848)
23 ==> 93 63 34 86 85 (0.843602, 2848)
93 ==> 23 63 34 86 85 (0.717742, 2848)
63 34 ==> 23 93 86 85 (0.600337, 2848)
63 86 ==> 23 93 34 85 (0.600337, 2848)
23 ==> 93 63 34 85 (0.843602, 2848)
93 ==> 23 63 34 85 (0.717742, 2848)
63 34 ==> 23 93 85 (0.600337, 2848)
23 ==> 93 63 86 (0.843602, 2848)
93 ==> 23 63 86 (0.717742, 2848)
63 86 ==> 23 93 (0.600337, 2848)
23 ==> 93 63 86 85 (0.843602, 2848)
93 ==> 23 63 86 85 (0.717742, 2848)
63 86 ==> 23 93 85 (0.600337, 2848)
23 ==> 93 63 85 (0.843602, 2848)
93 ==> 23 63 85 (0.717742, 2848)
23 ==> 93 59 (0.900474, 3040)
93 ==> 23 59 (0.766129, 3040)
23 ==> 93 59 36 (0.869668, 2936)
93 ==> 23 59 36 (0.739919, 2936)
59 36 ==> 23 93 (0.663653, 2936)
23 ==> 93 59 36 34 (0.869668, 2936)
93 ==> 23 59 36 34 (0.739919, 2936)
59 36 ==> 23 93 34 (0.663653, 2936)
23 ==> 93 59 36 34 86 (0.869668, 2936)
93 ==> 23 59 36 34 86 (0.739919, 2936)
59 36 ==> 23 93 34 86 (0.663653, 2936)
23 ==> 93 59 36 34 86 85 (0.869668, 2936)
93 ==> 23 59 36 34 86 85 (0.739919, 2936)
59 36 ==> 23 93 34 86 85 (0.663653, 2936)
23 ==> 93 59 36 34 85 (0.869668, 2936)
93 ==> 23 59 36 34 85 (0.739919, 2936)
59 36 ==> 23 93 34 85 (0.663653, 2936)
23 ==> 93 59 36 86 (0.869668, 2936)
93 ==> 23 59 36 86 (0.739919, 2936)
59 36 ==> 23 93 86 (0.663653, 2936)
23 ==> 93 59 36 86 85 (0.869668, 2936)
93 ==> 23 59 36 86 85 (0.739919, 2936)
59 36 ==> 23 93 86 85 (0.663653, 2936)
23 ==> 93 59 36 85 (0.869668, 2936)
93 ==> 23 59 36 85 (0.739919, 2936)
59 36 ==> 23 93 85 (0.663653, 2936)
23 ==> 93 59 90 (0.869668, 2936)
93 ==> 23 59 90 (0.739919, 2936)
59 90 ==> 23 93 (0.619932, 2936)
23 ==> 93 59 90 34 (0.869668, 2936)
93 ==> 23 59 90 34 (0.739919, 2936)
59 90 ==> 23 93 34 (0.619932, 2936)
23 ==> 93 59 90 34 86 (0.869668, 2936)
93 ==> 23 59 90 34 86 (0.739919, 2936)
59 90 ==> 23 93 34 86 (0.619932, 2936)
23 ==> 93 59 90 34 86 85 (0.869668, 2936)
93 ==> 23 59 90 34 86 85 (0.739919, 2936)
59 90 ==> 23 93 34 86 85 (0.619932, 2936)
23 ==> 93 59 90 34 85 (0.869668, 2936)
93 ==> 23 59 90 34 85 (0.739919, 2936)
59 90 ==> 23 93 34 85 (0.619932, 2936)
23 ==> 93 59 90 86 (0.869668, 2936)
93 ==> 23 59 90 86 (0.739919, 2936)
59 90 ==> 23 93 86 (0.619932, 2936)
23 ==> 93 59 90 86 85 (0.869668, 2936)
93 ==> 23 59 90 86 85 (0.739919, 2936)
59 90 ==> 23 93 86 85 (0.619932, 2936)
23 ==> 93 59 90 85 (0.869668, 2936)
93 ==> 23 59 90 85 (0.739919, 2936)
59 90 ==> 23 93 85 (0.619932, 2936)
23 ==> 93 59 34 (0.900474, 3040)
93 ==> 23 59 34 (0.766129, 3040)
59 34 ==> 23 93 (0.609952, 3040)
23 ==> 93 59 34 86 (0.900474, 3040)
93 ==> 23 59 34 86 (0.766129, 3040)
59 34 ==> 23 93 86 (0.609952, 3040)
59 86 ==> 23 93 34 (0.609952, 3040)
23 ==> 93 59 34 86 85 (0.900474, 3040)
93 ==> 23 59 34 86 85 (0.766129, 3040)
59 34 ==> 23 93 86 85 (0.609952, 3040)
59 86 ==> 23 93 34 85 (0.609952, 3040)
23 ==> 93 59 34 85 (0.900474, 3040)
93 ==> 23 59 34 85 (0.766129, 3040)
59 34 ==> 23 93 85 (0.609952, 3040)
23 ==> 93 59 86 (0.900474, 3040)
93 ==> 23 59 86 (0.766129, 3040)
59 86 ==> 23 93 (0.609952, 3040)
23 ==> 93 59 86 85 (0.900474, 3040)
93 ==> 23 59 86 85 (0.766129, 3040)
59 86 ==> 23 93 85 (0.609952, 3040)
23 ==> 93 59 85 (0.900474, 3040)
93 ==> 23 59 85 (0.766129, 3040)
23 ==> 93 36 (0.912322, 3080)
93 ==> 23 36 (0.77621, 3080)
23 ==> 93 36 90 (0.881517, 2976)
93 ==> 23 36 90 (0.75, 2976)
23 ==> 93 36 90 34 (0.881517, 2976)
93 ==> 23 36 90 34 (0.75, 2976)
23 ==> 93 36 90 34 86 (0.881517, 2976)
93 ==> 23 36 90 34 86 (0.75, 2976)
23 ==> 93 36 90 34 86 85 (0.881517, 2976)
93 ==> 23 36 90 34 86 85 (0.75, 2976)
23 ==> 93 36 90 34 85 (0.881517, 2976)
93 ==> 23 36 90 34 85 (0.75, 2976)
23 ==> 93 36 90 86 (0.881517, 2976)
93 ==> 23 36 90 86 (0.75, 2976)
23 ==> 93 36 90 86 85 (0.881517, 2976)
93 ==> 23 36 90 86 85 (0.75, 2976)
23 ==> 93 36 90 85 (0.881517, 2976)
93 ==> 23 36 90 85 (0.75, 2976)
23 ==> 93 36 34 (0.912322, 3080)
93 ==> 23 36 34 (0.77621, 3080)
23 ==> 93 36 34 86 (0.912322, 3080)
93 ==> 23 36 34 86 (0.77621, 3080)
23 ==> 93 36 34 86 85 (0.912322, 3080)
93 ==> 23 36 34 86 85 (0.77621, 3080)
23 ==> 93 36 34 85 (0.912322, 3080)
93 ==> 23 36 34 85 (0.77621, 3080)
23 ==> 93 36 86 (0.912322, 3080)
93 ==> 23 36 86 (0.77621, 3080)
23 ==> 93 36 86 85 (0.912322, 3080)
93 ==> 23 36 86 85 (0.77621, 3080)
23 ==> 93 36 85 (0.912322, 3080)
93 ==> 23 36 85 (0.77621, 3080)
23 ==> 93 90 (0.912322, 3080)
93 ==> 23 90 (0.77621, 3080)
23 ==> 93 90 34 (0.912322, 3080)
93 ==> 23 90 34 (0.77621, 3080)
23 ==> 93 90 34 86 (0.912322, 3080)
93 ==> 23 90 34 86 (0.77621, 3080)
23 ==> 93 90 34 86 85 (0.912322, 3080)
93 ==> 23 90 34 86 85 (0.77621, 3080)
23 ==> 93 90 34 85 (0.912322, 3080)
93 ==> 23 90 34 85 (0.77621, 3080)
23 ==> 93 90 86 (0.912322, 3080)
93 ==> 23 90 86 (0.77621, 3080)
23 ==> 93 90 86 85 (0.912322, 3080)
93 ==> 23 90 86 85 (0.77621, 3080)
23 ==> 93 90 85 (0.912322, 3080)
93 ==> 23 90 85 (0.77621, 3080)
23 ==> 93 34 (0.943128, 3184)
93 ==> 23 34 (0.802419, 3184)
23 ==> 93 34 86 (0.943128, 3184)
93 ==> 23 34 86 (0.802419, 3184)
23 ==> 93 34 86 85 (0.943128, 3184)
93 ==> 23 34 86 85 (0.802419, 3184)
23 ==> 93 34 85 (0.943128, 3184)
93 ==> 23 34 85 (0.802419, 3184)
23 ==> 93 86 (0.943128, 3184)
93 ==> 23 86 (0.802419, 3184)
23 ==> 93 86 85 (0.943128, 3184)
93 ==> 23 86 85 (0.802419, 3184)
23 ==> 93 85 (0.943128, 3184)
93 ==> 23 85 (0.802419, 3184)
23 ==> 63 (0.900474, 3040)
63 ==> 23 (0.615883, 3040)
23 ==> 63 59 (0.879147, 2968)
63 ==> 23 59 (0.601297, 2968)
23 ==> 63 59 36 (0.848341, 2864)
63 59 ==> 23 36 (0.689124, 2864)
63 36 ==> 23 59 (0.684512, 2864)
59 36 ==> 23 63 (0.647378, 2864)
23 ==> 63 59 36 34 (0.848341, 2864)
63 59 ==> 23 36 34 (0.689124, 2864)
63 36 ==> 23 59 34 (0.684512, 2864)
63 34 ==> 23 59 36 (0.60371, 2864)
59 36 ==> 23 63 34 (0.647378, 2864)
23 ==> 63 59 36 34 86 (0.848341, 2864)
63 59 ==> 23 36 34 86 (0.689124, 2864)
63 36 ==> 23 59 34 86 (0.684512, 2864)
63 34 ==> 23 59 36 86 (0.60371, 2864)
63 86 ==> 23 59 36 34 (0.60371, 2864)
59 36 ==> 23 63 34 86 (0.647378, 2864)
23 ==> 63 59 36 34 86 85 (0.848341, 2864)
63 59 ==> 23 36 34 86 85 (0.689124, 2864)
63 36 ==> 23 59 34 86 85 (0.684512, 2864)
63 34 ==> 23 59 36 86 85 (0.60371, 2864)
63 86 ==> 23 59 36 34 85 (0.60371, 2864)
59 36 ==> 23 63 34 86 85 (0.647378, 2864)
23 ==> 63 59 36 34 85 (0.848341, 2864)
63 59 ==> 23 36 34 85 (0.689124, 2864)
63 36 ==> 23 59 34 85 (0.684512, 2864)
63 34 ==> 23 59 36 85 (0.60371, 2864)
59 36 ==> 23 63 34 85 (0.647378, 2864)
23 ==> 63 59 36 86 (0.848341, 2864)
63 59 ==> 23 36 86 (0.689124, 2864)
63 36 ==> 23 59 86 (0.684512, 2864)
63 86 ==> 23 59 36 (0.60371, 2864)
59 36 ==> 23 63 86 (0.647378, 2864)
23 ==> 63 59 36 86 85 (0.848341, 2864)
63 59 ==> 23 36 86 85 (0.689124, 2864)
63 36 ==> 23 59 86 85 (0.684512, 2864)
63 86 ==> 23 59 36 85 (0.60371, 2864)
59 36 ==> 23 63 86 85 (0.647378, 2864)
23 ==> 63 59 36 85 (0.848341, 2864)
63 59 ==> 23 36 85 (0.689124, 2864)
63 36 ==> 23 59 85 (0.684512, 2864)
59 36 ==> 23 63 85 (0.647378, 2864)
23 ==> 63 59 34 (0.879147, 2968)
63 ==> 23 59 34 (0.601297, 2968)
23 ==> 63 59 34 86 (0.879147, 2968)
63 ==> 23 59 34 86 (0.601297, 2968)
23 ==> 63 59 34 86 85 (0.879147, 2968)
63 ==> 23 59 34 86 85 (0.601297, 2968)
23 ==> 63 59 34 85 (0.879147, 2968)
63 ==> 23 59 34 85 (0.601297, 2968)
23 ==> 63 59 86 (0.879147, 2968)
63 ==> 23 59 86 (0.601297, 2968)
23 ==> 63 59 86 85 (0.879147, 2968)
63 ==> 23 59 86 85 (0.601297, 2968)
23 ==> 63 59 85 (0.879147, 2968)
63 ==> 23 59 85 (0.601297, 2968)
23 ==> 63 36 (0.869668, 2936)
63 36 ==> 23 (0.701721, 2936)
23 ==> 63 36 34 (0.869668, 2936)
63 36 ==> 23 34 (0.701721, 2936)
63 34 ==> 23 36 (0.618887, 2936)
23 ==> 63 36 34 86 (0.869668, 2936)
63 36 ==> 23 34 86 (0.701721, 2936)
63 34 ==> 23 36 86 (0.618887, 2936)
63 86 ==> 23 36 34 (0.618887, 2936)
23 ==> 63 36 34 86 85 (0.869668, 2936)
63 36 ==> 23 34 86 85 (0.701721, 2936)
63 34 ==> 23 36 86 85 (0.618887, 2936)
63 86 ==> 23 36 34 85 (0.618887, 2936)
23 ==> 63 36 34 85 (0.869668, 2936)
63 36 ==> 23 34 85 (0.701721, 2936)
63 34 ==> 23 36 85 (0.618887, 2936)
23 ==> 63 36 86 (0.869668, 2936)
63 36 ==> 23 86 (0.701721, 2936)
63 86 ==> 23 36 (0.618887, 2936)
23 ==> 63 36 86 85 (0.869668, 2936)
63 36 ==> 23 86 85 (0.701721, 2936)
63 86 ==> 23 36 85 (0.618887, 2936)
23 ==> 63 36 85 (0.869668, 2936)
63 36 ==> 23 85 (0.701721, 2936)
23 ==> 63 34 (0.900474, 3040)
63 ==> 23 34 (0.615883, 3040)
23 ==> 63 34 86 (0.900474, 3040)
63 ==> 23 34 86 (0.615883, 3040)
23 ==> 63 34 86 85 (0.900474, 3040)
63 ==> 23 34 86 85 (0.615883, 3040)
23 ==> 63 34 85 (0.900474, 3040)
63 ==> 23 34 85 (0.615883, 3040)
23 ==> 63 86 (0.900474, 3040)
63 ==> 23 86 (0.615883, 3040)
23 ==> 63 86 85 (0.900474, 3040)
63 ==> 23 86 85 (0.615883, 3040)
23 ==> 63 85 (0.900474, 3040)
63 ==> 23 85 (0.615883, 3040)
23 ==> 59 (0.957346, 3232)
59 ==> 23 (0.62442, 3232)
23 ==> 59 39 (0.850711, 2872)
59 39 ==> 23 (0.799555, 2872)
23 ==> 59 39 36 (0.850711, 2872)
59 39 ==> 23 36 (0.799555, 2872)
59 36 ==> 23 39 (0.649186, 2872)
39 36 ==> 23 59 (0.630378, 2872)
23 ==> 59 39 36 34 (0.850711, 2872)
59 39 ==> 23 36 34 (0.799555, 2872)
59 36 ==> 23 39 34 (0.649186, 2872)
39 36 ==> 23 59 34 (0.630378, 2872)
23 ==> 59 39 36 34 86 (0.850711, 2872)
59 39 ==> 23 36 34 86 (0.799555, 2872)
59 36 ==> 23 39 34 86 (0.649186, 2872)
39 36 ==> 23 59 34 86 (0.630378, 2872)
23 ==> 59 39 36 34 86 85 (0.850711, 2872)
59 39 ==> 23 36 34 86 85 (0.799555, 2872)
59 36 ==> 23 39 34 86 85 (0.649186, 2872)
39 36 ==> 23 59 34 86 85 (0.630378, 2872)
23 ==> 59 39 36 34 85 (0.850711, 2872)
59 39 ==> 23 36 34 85 (0.799555, 2872)
59 36 ==> 23 39 34 85 (0.649186, 2872)
39 36 ==> 23 59 34 85 (0.630378, 2872)
23 ==> 59 39 36 86 (0.850711, 2872)
59 39 ==> 23 36 86 (0.799555, 2872)
59 36 ==> 23 39 86 (0.649186, 2872)
39 36 ==> 23 59 86 (0.630378, 2872)
23 ==> 59 39 36 86 85 (0.850711, 2872)
59 39 ==> 23 36 86 85 (0.799555, 2872)
59 36 ==> 23 39 86 85 (0.649186, 2872)
39 36 ==> 23 59 86 85 (0.630378, 2872)
23 ==> 59 39 36 85 (0.850711, 2872)
59 39 ==> 23 36 85 (0.799555, 2872)
59 36 ==> 23 39 85 (0.649186, 2872)
39 36 ==> 23 59 85 (0.630378, 2872)
23 ==> 59 39 34 (0.850711, 2872)
59 39 ==> 23 34 (0.799555, 2872)
23 ==> 59 39 34 86 (0.850711, 2872)
59 39 ==> 23 34 86 (0.799555, 2872)
23 ==> 59 39 34 86 85 (0.850711, 2872)
59 39 ==> 23 34 86 85 (0.799555, 2872)
23 ==> 59 39 34 85 (0.850711, 2872)
59 39 ==> 23 34 85 (0.799555, 2872)
23 ==> 59 39 86 (0.850711, 2872)
59 39 ==> 23 86 (0.799555, 2872)
23 ==> 59 39 86 85 (0.850711, 2872)
59 39 ==> 23 86 85 (0.799555, 2872)
23 ==> 59 39 85 (0.850711, 2872)
59 39 ==> 23 85 (0.799555, 2872)
23 ==> 59 36 (0.92654, 3128)
59 ==> 23 36 (0.604328, 3128)
23 ==> 59 36 34 (0.92654, 3128)
59 ==> 23 36 34 (0.604328, 3128)
23 ==> 59 36 34 86 (0.92654, 3128)
59 ==> 23 36 34 86 (0.604328, 3128)
23 ==> 59 36 34 86 85 (0.92654, 3128)
59 ==> 23 36 34 86 85 (0.604328, 3128)
23 ==> 59 36 34 85 (0.92654, 3128)
59 ==> 23 36 34 85 (0.604328, 3128)
23 ==> 59 36 86 (0.92654, 3128)
59 ==> 23 36 86 (0.604328, 3128)
23 ==> 59 36 86 85 (0.92654, 3128)
59 ==> 23 36 86 85 (0.604328, 3128)
23 ==> 59 36 85 (0.92654, 3128)
59 ==> 23 36 85 (0.604328, 3128)
23 ==> 59 90 (0.869668, 2936)
59 90 ==> 23 (0.619932, 2936)
23 ==> 59 90 34 (0.869668, 2936)
59 90 ==> 23 34 (0.619932, 2936)
23 ==> 59 90 34 86 (0.869668, 2936)
59 90 ==> 23 34 86 (0.619932, 2936)
23 ==> 59 90 34 86 85 (0.869668, 2936)
59 90 ==> 23 34 86 85 (0.619932, 2936)
23 ==> 59 90 34 85 (0.869668, 2936)
59 90 ==> 23 34 85 (0.619932, 2936)
23 ==> 59 90 86 (0.869668, 2936)
59 90 ==> 23 86 (0.619932, 2936)
23 ==> 59 90 86 85 (0.869668, 2936)
59 90 ==> 23 86 85 (0.619932, 2936)
23 ==> 59 90 85 (0.869668, 2936)
59 90 ==> 23 85 (0.619932, 2936)
23 ==> 59 34 (0.957346, 3232)
59 ==> 23 34 (0.62442, 3232)
23 ==> 59 34 86 (0.957346, 3232)
59 ==> 23 34 86 (0.62442, 3232)
23 ==> 59 34 86 85 (0.957346, 3232)
59 ==> 23 34 86 85 (0.62442, 3232)
23 ==> 59 34 85 (0.957346, 3232)
59 ==> 23 34 85 (0.62442, 3232)
23 ==> 59 86 (0.957346, 3232)
59 ==> 23 86 (0.62442, 3232)
23 ==> 59 86 85 (0.957346, 3232)
59 ==> 23 86 85 (0.62442, 3232)
23 ==> 59 85 (0.957346, 3232)
59 ==> 23 85 (0.62442, 3232)
23 ==> 39 (0.893365, 3016)
23 ==> 39 36 (0.893365, 3016)
39 36 ==> 23 (0.661984, 3016)
23 ==> 39 36 34 (0.893365, 3016)
39 36 ==> 23 34 (0.661984, 3016)
23 ==> 39 36 34 86 (0.893365, 3016)
39 36 ==> 23 34 86 (0.661984, 3016)
23 ==> 39 36 34 86 85 (0.893365, 3016)
39 36 ==> 23 34 86 85 (0.661984, 3016)
23 ==> 39 36 34 85 (0.893365, 3016)
39 36 ==> 23 34 85 (0.661984, 3016)
23 ==> 39 36 86 (0.893365, 3016)
39 36 ==> 23 86 (0.661984, 3016)
23 ==> 39 36 86 85 (0.893365, 3016)
39 36 ==> 23 86 85 (0.661984, 3016)
23 ==> 39 36 85 (0.893365, 3016)
39 36 ==> 23 85 (0.661984, 3016)
23 ==> 39 34 (0.893365, 3016)
23 ==> 39 34 86 (0.893365, 3016)
23 ==> 39 34 86 85 (0.893365, 3016)
23 ==> 39 34 85 (0.893365, 3016)
23 ==> 39 86 (0.893365, 3016)
23 ==> 39 86 85 (0.893365, 3016)
23 ==> 39 85 (0.893365, 3016)
23 ==> 36 (0.969194, 3272)
23 ==> 36 90 (0.881517, 2976)
23 ==> 36 90 34 (0.881517, 2976)
23 ==> 36 90 34 86 (0.881517, 2976)
23 ==> 36 90 34 86 85 (0.881517, 2976)
23 ==> 36 90 34 85 (0.881517, 2976)
23 ==> 36 90 86 (0.881517, 2976)
23 ==> 36 90 86 85 (0.881517, 2976)
23 ==> 36 90 85 (0.881517, 2976)
23 ==> 36 34 (0.969194, 3272)
23 ==> 36 34 86 (0.969194, 3272)
23 ==> 36 34 86 85 (0.969194, 3272)
23 ==> 36 34 85 (0.969194, 3272)
23 ==> 36 86 (0.969194, 3272)
23 ==> 36 86 85 (0.969194, 3272)
23 ==> 36 85 (0.969194, 3272)
23 ==> 90 (0.912322, 3080)
23 ==> 90 34 (0.912322, 3080)
23 ==> 90 34 86 (0.912322, 3080)
23 ==> 90 34 86 85 (0.912322, 3080)
23 ==> 90 34 85 (0.912322, 3080)
23 ==> 90 86 (0.912322, 3080)
23 ==> 90 86 85 (0.912322, 3080)
23 ==> 90 85 (0.912322, 3080)
23 ==> 34 (1, 3376)
23 ==> 34 86 (1, 3376)
23 ==> 34 86 85 (1, 3376)
23 ==> 34 85 (1, 3376)
23 ==> 86 (1, 3376)
23 ==> 86 85 (1, 3376)
23 ==> 85 (1, 3376)
52 ==> 36 (0.872582, 3068)
52 ==> 36 34 (0.812856, 2858)
52 ==> 36 34 86 (0.812856, 2858)
52 ==> 36 34 86 85 (0.812856, 2858)
52 ==> 36 34 85 (0.812856, 2858)
52 ==> 36 86 (0.817975, 2876)
52 ==> 36 86 85 (0.817975, 2876)
52 ==> 36 85 (0.872582, 3068)
52 ==> 90 (0.819113, 2880)
52 ==> 90 85 (0.819113, 2880)
52 ==> 34 (0.940273, 3306)
52 ==> 34 86 (0.937998, 3298)
52 ==> 34 86 85 (0.937998, 3298)
52 ==> 34 85 (0.940273, 3306)
52 ==> 86 (0.943117, 3316)
52 ==> 86 85 (0.943117, 3316)
52 ==> 85 (1, 3516)
28 ==> 2 (0.965986, 3408)
2 ==> 28 (0.809886, 3408)
28 ==> 2 39 (0.911565, 3216)
2 ==> 28 39 (0.764259, 3216)
28 ==> 2 39 34 (0.857143, 3024)
2 ==> 28 39 34 (0.718631, 3024)
28 ==> 2 39 34 86 (0.857143, 3024)
2 ==> 28 39 34 86 (0.718631, 3024)
28 ==> 2 39 34 86 85 (0.857143, 3024)
2 ==> 28 39 34 86 85 (0.718631, 3024)
28 ==> 2 39 34 85 (0.857143, 3024)
2 ==> 28 39 34 85 (0.718631, 3024)
28 ==> 2 39 86 (0.857143, 3024)
2 ==> 28 39 86 (0.718631, 3024)
28 ==> 2 39 86 85 (0.857143, 3024)
2 ==> 28 39 86 85 (0.718631, 3024)
28 ==> 2 39 85 (0.911565, 3216)
2 ==> 28 39 85 (0.764259, 3216)
28 ==> 2 90 (0.816327, 2880)
2 ==> 28 90 (0.684411, 2880)
28 ==> 2 90 85 (0.816327, 2880)
2 ==> 28 90 85 (0.684411, 2880)
28 ==> 2 34 (0.911565, 3216)
2 ==> 28 34 (0.764259, 3216)
28 ==> 2 34 86 (0.911565, 3216)
2 ==> 28 34 86 (0.764259, 3216)
28 ==> 2 34 86 85 (0.911565, 3216)
2 ==> 28 34 86 85 (0.764259, 3216)
28 ==> 2 34 85 (0.911565, 3216)
2 ==> 28 34 85 (0.764259, 3216)
28 ==> 2 86 (0.911565, 3216)
2 ==> 28 86 (0.764259, 3216)
28 ==> 2 86 85 (0.911565, 3216)
2 ==> 28 86 85 (0.764259, 3216)
28 ==> 2 85 (0.965986, 3408)
2 ==> 28 85 (0.809886, 3408)
28 ==> 63 (0.814059, 2872)
28 ==> 63 85 (0.814059, 2872)
28 ==> 59 (0.827664, 2920)
28 ==> 59 85 (0.827664, 2920)
28 ==> 39 (0.931973, 3288)
28 ==> 39 34 (0.877551, 3096)
28 ==> 39 34 86 (0.877551, 3096)
28 ==> 39 34 86 85 (0.877551, 3096)
28 ==> 39 34 85 (0.877551, 3096)
28 ==> 39 86 (0.877551, 3096)
28 ==> 39 86 85 (0.877551, 3096)
28 ==> 39 85 (0.931973, 3288)
28 ==> 90 (0.829932, 2928)
28 ==> 90 85 (0.829932, 2928)
28 ==> 34 (0.945578, 3336)
28 ==> 34 86 (0.943311, 3328)
28 ==> 34 86 85 (0.943311, 3328)
28 ==> 34 85 (0.945578, 3336)
28 ==> 86 (0.943311, 3328)
28 ==> 86 85 (0.943311, 3328)
28 ==> 85 (1, 3528)
3 ==> 36 (0.824945, 3016)
3 ==> 36 90 (0.798687, 2920)
3 ==> 36 90 34 (0.785558, 2872)
3 ==> 36 90 34 86 (0.785558, 2872)
3 ==> 36 90 34 86 85 (0.785558, 2872)
3 ==> 36 90 34 85 (0.785558, 2872)
3 ==> 36 90 86 (0.785558, 2872)
3 ==> 36 90 86 85 (0.785558, 2872)
3 ==> 36 90 85 (0.798687, 2920)
3 ==> 36 34 (0.810175, 2962)
3 ==> 36 34 86 (0.810175, 2962)
3 ==> 36 34 86 85 (0.810175, 2962)
3 ==> 36 34 85 (0.810175, 2962)
3 ==> 36 86 (0.811816, 2968)
3 ==> 36 86 85 (0.811816, 2968)
3 ==> 36 85 (0.824945, 3016)
3 ==> 90 (0.947484, 3464)
3 ==> 90 34 (0.934354, 3416)
3 ==> 90 34 86 (0.934354, 3416)
3 ==> 90 34 86 85 (0.934354, 3416)
3 ==> 90 34 85 (0.934354, 3416)
3 ==> 90 86 (0.934354, 3416)
3 ==> 90 86 85 (0.934354, 3416)
3 ==> 90 85 (0.947484, 3464)
3 ==> 34 (0.98523, 3602)
3 ==> 34 86 (0.98523, 3602)
3 ==> 34 86 85 (0.98523, 3602)
3 ==> 34 85 (0.98523, 3602)
3 ==> 86 (0.986871, 3608)
3 ==> 86 85 (0.986871, 3608)
3 ==> 85 (1, 3656)
56 ==> 39 (0.908898, 3432)
39 ==> 56 (0.611547, 3432)
56 ==> 39 36 (0.908898, 3432)
39 ==> 56 36 (0.611547, 3432)
56 ==> 39 36 90 (0.877119, 3312)
39 36 ==> 56 90 (0.726953, 3312)
39 90 ==> 56 36 (0.665595, 3312)
56 ==> 39 36 90 34 (0.877119, 3312)
39 36 ==> 56 90 34 (0.726953, 3312)
39 90 ==> 56 36 34 (0.665595, 3312)
39 34 ==> 56 36 90 (0.613106, 3312)
56 ==> 39 36 90 34 86 (0.877119, 3312)
39 36 ==> 56 90 34 86 (0.726953, 3312)
39 90 ==> 56 36 34 86 (0.665595, 3312)
39 34 ==> 56 36 90 86 (0.613106, 3312)
39 86 ==> 56 36 90 34 (0.61107, 3312)
56 ==> 39 36 90 34 86 85 (0.877119, 3312)
39 36 ==> 56 90 34 86 85 (0.726953, 3312)
39 90 ==> 56 36 34 86 85 (0.665595, 3312)
39 34 ==> 56 36 90 86 85 (0.613106, 3312)
39 86 ==> 56 36 90 34 85 (0.61107, 3312)
56 ==> 39 36 90 34 85 (0.877119, 3312)
39 36 ==> 56 90 34 85 (0.726953, 3312)
39 90 ==> 56 36 34 85 (0.665595, 3312)
39 34 ==> 56 36 90 85 (0.613106, 3312)
56 ==> 39 36 90 86 (0.877119, 3312)
39 36 ==> 56 90 86 (0.726953, 3312)
39 90 ==> 56 36 86 (0.665595, 3312)
39 86 ==> 56 36 90 (0.61107, 3312)
56 ==> 39 36 90 86 85 (0.877119, 3312)
39 36 ==> 56 90 86 85 (0.726953, 3312)
39 90 ==> 56 36 86 85 (0.665595, 3312)
39 86 ==> 56 36 90 85 (0.61107, 3312)
56 ==> 39 36 90 85 (0.877119, 3312)
39 36 ==> 56 90 85 (0.726953, 3312)
39 90 ==> 56 36 85 (0.665595, 3312)
56 ==> 39 36 34 (0.908898, 3432)
39 ==> 56 36 34 (0.611547, 3432)
56 ==> 39 36 34 86 (0.908898, 3432)
39 ==> 56 36 34 86 (0.611547, 3432)
56 ==> 39 36 34 86 85 (0.908898, 3432)
39 ==> 56 36 34 86 85 (0.611547, 3432)
56 ==> 39 36 34 85 (0.908898, 3432)
39 ==> 56 36 34 85 (0.611547, 3432)
56 ==> 39 36 86 (0.908898, 3432)
39 ==> 56 36 86 (0.611547, 3432)
56 ==> 39 36 86 85 (0.908898, 3432)
39 ==> 56 36 86 85 (0.611547, 3432)
56 ==> 39 36 85 (0.908898, 3432)
39 ==> 56 36 85 (0.611547, 3432)
56 ==> 39 90 (0.877119, 3312)
39 90 ==> 56 (0.665595, 3312)
56 ==> 39 90 34 (0.877119, 3312)
39 90 ==> 56 34 (0.665595, 3312)
39 34 ==> 56 90 (0.613106, 3312)
56 ==> 39 90 34 86 (0.877119, 3312)
39 90 ==> 56 34 86 (0.665595, 3312)
39 34 ==> 56 90 86 (0.613106, 3312)
39 86 ==> 56 90 34 (0.61107, 3312)
56 ==> 39 90 34 86 85 (0.877119, 3312)
39 90 ==> 56 34 86 85 (0.665595, 3312)
39 34 ==> 56 90 86 85 (0.613106, 3312)
39 86 ==> 56 90 34 85 (0.61107, 3312)
56 ==> 39 90 34 85 (0.877119, 3312)
39 90 ==> 56 34 85 (0.665595, 3312)
39 34 ==> 56 90 85 (0.613106, 3312)
56 ==> 39 90 86 (0.877119, 3312)
39 90 ==> 56 86 (0.665595, 3312)
39 86 ==> 56 90 (0.61107, 3312)
56 ==> 39 90 86 85 (0.877119, 3312)
39 90 ==> 56 86 85 (0.665595, 3312)
39 86 ==> 56 90 85 (0.61107, 3312)
56 ==> 39 90 85 (0.877119, 3312)
39 90 ==> 56 85 (0.665595, 3312)
56 ==> 39 34 (0.908898, 3432)
39 ==> 56 34 (0.611547, 3432)
56 ==> 39 34 86 (0.908898, 3432)
39 ==> 56 34 86 (0.611547, 3432)
56 ==> 39 34 86 85 (0.908898, 3432)
39 ==> 56 34 86 85 (0.611547, 3432)
56 ==> 39 34 85 (0.908898, 3432)
39 ==> 56 34 85 (0.611547, 3432)
56 ==> 39 86 (0.908898, 3432)
39 ==> 56 86 (0.611547, 3432)
56 ==> 39 86 85 (0.908898, 3432)
39 ==> 56 86 85 (0.611547, 3432)
56 ==> 39 85 (0.908898, 3432)
39 ==> 56 85 (0.611547, 3432)
56 ==> 36 (0.934322, 3528)
56 ==> 36 90 (0.902542, 3408)
56 ==> 36 90 34 (0.902542, 3408)
56 ==> 36 90 34 86 (0.902542, 3408)
56 ==> 36 90 34 86 85 (0.902542, 3408)
56 ==> 36 90 34 85 (0.902542, 3408)
56 ==> 36 90 86 (0.902542, 3408)
56 ==> 36 90 86 85 (0.902542, 3408)
56 ==> 36 90 85 (0.902542, 3408)
56 ==> 36 34 (0.934322, 3528)
56 ==> 36 34 86 (0.934322, 3528)
56 ==> 36 34 86 85 (0.934322, 3528)
56 ==> 36 34 85 (0.934322, 3528)
56 ==> 36 86 (0.934322, 3528)
56 ==> 36 86 85 (0.934322, 3528)
56 ==> 36 85 (0.934322, 3528)
56 ==> 90 (0.96822, 3656)
56 ==> 90 34 (0.96822, 3656)
56 ==> 90 34 86 (0.96822, 3656)
56 ==> 90 34 86 85 (0.96822, 3656)
56 ==> 90 34 85 (0.96822, 3656)
56 ==> 90 86 (0.96822, 3656)
56 ==> 90 86 85 (0.96822, 3656)
56 ==> 90 85 (0.96822, 3656)
56 ==> 34 (1, 3776)
56 ==> 34 86 (1, 3776)
56 ==> 34 86 85 (1, 3776)
56 ==> 34 85 (1, 3776)
56 ==> 86 (1, 3776)
56 ==> 86 85 (1, 3776)
56 ==> 85 (1, 3776)
1 ==> 110 (0.727273, 2848)
110 ==> 1 (0.70495, 2848)
1 ==> 110 34 (0.727273, 2848)
110 ==> 1 34 (0.70495, 2848)
1 ==> 110 34 86 (0.727273, 2848)
110 ==> 1 34 86 (0.70495, 2848)
1 ==> 110 34 86 85 (0.727273, 2848)
110 ==> 1 34 86 85 (0.70495, 2848)
1 ==> 110 34 85 (0.727273, 2848)
110 ==> 1 34 85 (0.70495, 2848)
1 ==> 110 86 (0.727273, 2848)
110 ==> 1 86 (0.70495, 2848)
1 ==> 110 86 85 (0.727273, 2848)
110 ==> 1 86 85 (0.70495, 2848)
1 ==> 110 85 (0.727273, 2848)
110 ==> 1 85 (0.70495, 2848)
1 ==> 24 (0.840654, 3292)
24 ==> 1 (0.693345, 3292)
1 ==> 24 36 (0.814096, 3188)
24 ==> 1 36 (0.671441, 3188)
1 ==> 24 36 90 (0.804903, 3152)
24 ==> 1 36 90 (0.663858, 3152)
1 ==> 24 36 90 34 (0.804903, 3152)
24 ==> 1 36 90 34 (0.663858, 3152)
1 ==> 24 36 90 34 86 (0.804903, 3152)
24 ==> 1 36 90 34 86 (0.663858, 3152)
1 ==> 24 36 90 34 86 85 (0.804903, 3152)
24 ==> 1 36 90 34 86 85 (0.663858, 3152)
1 ==> 24 36 90 34 85 (0.804903, 3152)
24 ==> 1 36 90 34 85 (0.663858, 3152)
1 ==> 24 36 90 86 (0.804903, 3152)
24 ==> 1 36 90 86 (0.663858, 3152)
1 ==> 24 36 90 86 85 (0.804903, 3152)
24 ==> 1 36 90 86 85 (0.663858, 3152)
1 ==> 24 36 90 85 (0.804903, 3152)
24 ==> 1 36 90 85 (0.663858, 3152)
1 ==> 24 36 34 (0.809499, 3170)
24 ==> 1 36 34 (0.66765, 3170)
1 ==> 24 36 34 86 (0.809499, 3170)
24 ==> 1 36 34 86 (0.66765, 3170)
1 ==> 24 36 34 86 85 (0.809499, 3170)
24 ==> 1 36 34 86 85 (0.66765, 3170)
1 ==> 24 36 34 85 (0.809499, 3170)
24 ==> 1 36 34 85 (0.66765, 3170)
1 ==> 24 36 86 (0.814096, 3188)
24 ==> 1 36 86 (0.671441, 3188)
1 ==> 24 36 86 85 (0.814096, 3188)
24 ==> 1 36 86 85 (0.671441, 3188)
1 ==> 24 36 85 (0.814096, 3188)
24 ==> 1 36 85 (0.671441, 3188)
1 ==> 24 90 (0.831461, 3256)
24 ==> 1 90 (0.685762, 3256)
1 ==> 24 90 34 (0.831461, 3256)
24 ==> 1 90 34 (0.685762, 3256)
1 ==> 24 90 34 86 (0.829418, 3248)
24 ==> 1 90 34 86 (0.684078, 3248)
1 ==> 24 90 34 86 85 (0.829418, 3248)
24 ==> 1 90 34 86 85 (0.684078, 3248)
1 ==> 24 90 34 85 (0.831461, 3256)
24 ==> 1 90 34 85 (0.685762, 3256)
1 ==> 24 90 86 (0.829418, 3248)
24 ==> 1 90 86 (0.684078, 3248)
1 ==> 24 90 86 85 (0.829418, 3248)
24 ==> 1 90 86 85 (0.684078, 3248)
1 ==> 24 90 85 (0.831461, 3256)
24 ==> 1 90 85 (0.685762, 3256)
1 ==> 24 34 (0.836057, 3274)
24 ==> 1 34 (0.689553, 3274)
1 ==> 24 34 86 (0.834014, 3266)
24 ==> 1 34 86 (0.687869, 3266)
1 ==> 24 34 86 85 (0.834014, 3266)
24 ==> 1 34 86 85 (0.687869, 3266)
1 ==> 24 34 85 (0.836057, 3274)
24 ==> 1 34 85 (0.689553, 3274)
1 ==> 24 86 (0.838611, 3284)
24 ==> 1 86 (0.69166, 3284)
1 ==> 24 86 85 (0.838611, 3284)
24 ==> 1 86 85 (0.69166, 3284)
1 ==> 24 85 (0.840654, 3292)
24 ==> 1 85 (0.693345, 3292)
1 ==> 36 (0.971399, 3804)
1 ==> 36 90 (0.94382, 3696)
1 ==> 36 90 34 (0.94382, 3696)
1 ==> 36 90 34 86 (0.94382, 3696)
1 ==> 36 90 34 86 85 (0.94382, 3696)
1 ==> 36 90 34 85 (0.94382, 3696)
1 ==> 36 90 86 (0.94382, 3696)
1 ==> 36 90 86 85 (0.94382, 3696)
1 ==> 36 90 85 (0.94382, 3696)
1 ==> 36 34 (0.966803, 3786)
1 ==> 36 34 86 (0.966803, 3786)
1 ==> 36 34 86 85 (0.966803, 3786)
1 ==> 36 34 85 (0.966803, 3786)
1 ==> 36 86 (0.971399, 3804)
1 ==> 36 86 85 (0.971399, 3804)
1 ==> 36 85 (0.971399, 3804)
1 ==> 90 (0.972421, 3808)
1 ==> 90 34 (0.972421, 3808)
1 ==> 90 34 86 (0.970378, 3800)
1 ==> 90 34 86 85 (0.970378, 3800)
1 ==> 90 34 85 (0.972421, 3808)
1 ==> 90 86 (0.970378, 3800)
1 ==> 90 86 85 (0.970378, 3800)
1 ==> 90 85 (0.972421, 3808)
1 ==> 34 (0.995403, 3898)
1 ==> 34 86 (0.993361, 3890)
1 ==> 34 86 85 (0.993361, 3890)
1 ==> 34 85 (0.995403, 3898)
1 ==> 86 (0.997957, 3908)
1 ==> 86 85 (0.997957, 3908)
1 ==> 85 (1, 3916)
93 ==> 2 (0.794355, 3152)
2 ==> 93 (0.749049, 3152)
93 ==> 2 59 (0.754032, 2992)
2 ==> 93 59 (0.711027, 2992)
93 ==> 2 59 85 (0.754032, 2992)
2 ==> 93 59 85 (0.711027, 2992)
93 ==> 2 39 (0.745968, 2960)
2 ==> 93 39 (0.703422, 2960)
93 ==> 2 39 85 (0.745968, 2960)
2 ==> 93 39 85 (0.703422, 2960)
93 ==> 2 34 (0.745968, 2960)
2 ==> 93 34 (0.703422, 2960)
93 ==> 2 34 86 (0.745968, 2960)
2 ==> 93 34 86 (0.703422, 2960)
93 ==> 2 34 86 85 (0.745968, 2960)
2 ==> 93 34 86 85 (0.703422, 2960)
93 ==> 2 34 85 (0.745968, 2960)
2 ==> 93 34 85 (0.703422, 2960)
93 ==> 2 86 (0.745968, 2960)
2 ==> 93 86 (0.703422, 2960)
93 ==> 2 86 85 (0.745968, 2960)
2 ==> 93 86 85 (0.703422, 2960)
93 ==> 2 85 (0.794355, 3152)
2 ==> 93 85 (0.749049, 3152)
93 ==> 63 (0.875, 3472)
63 ==> 93 (0.703404, 3472)
93 ==> 63 59 (0.83871, 3328)
63 ==> 93 59 (0.67423, 3328)
59 ==> 93 63 (0.642968, 3328)
93 ==> 63 59 36 (0.770161, 3056)
63 ==> 93 59 36 (0.619125, 3056)
59 36 ==> 93 63 (0.690778, 3056)
93 ==> 63 59 36 90 (0.743952, 2952)
63 59 ==> 93 36 90 (0.710298, 2952)
63 36 ==> 93 59 90 (0.705545, 2952)
63 90 ==> 93 59 36 (0.656584, 2952)
59 36 ==> 93 63 90 (0.667269, 2952)
59 90 ==> 93 63 36 (0.623311, 2952)
93 ==> 63 59 36 90 85 (0.743952, 2952)
63 59 ==> 93 36 90 85 (0.710298, 2952)
63 36 ==> 93 59 90 85 (0.705545, 2952)
63 90 ==> 93 59 36 85 (0.656584, 2952)
59 36 ==> 93 63 90 85 (0.667269, 2952)
59 90 ==> 93 63 36 85 (0.623311, 2952)
93 ==> 63 59 36 34 (0.721774, 2864)
63 59 ==> 93 36 34 (0.689124, 2864)
63 36 ==> 93 59 34 (0.684512, 2864)
63 34 ==> 93 59 36 (0.60371, 2864)
59 36 ==> 93 63 34 (0.647378, 2864)
93 ==> 63 59 36 34 86 (0.721774, 2864)
63 59 ==> 93 36 34 86 (0.689124, 2864)
63 36 ==> 93 59 34 86 (0.684512, 2864)
63 34 ==> 93 59 36 86 (0.60371, 2864)
63 86 ==> 93 59 36 34 (0.60371, 2864)
59 36 ==> 93 63 34 86 (0.647378, 2864)
93 ==> 63 59 36 34 86 85 (0.721774, 2864)
63 59 ==> 93 36 34 86 85 (0.689124, 2864)
63 36 ==> 93 59 34 86 85 (0.684512, 2864)
63 34 ==> 93 59 36 86 85 (0.60371, 2864)
63 86 ==> 93 59 36 34 85 (0.60371, 2864)
59 36 ==> 93 63 34 86 85 (0.647378, 2864)
93 ==> 63 59 36 34 85 (0.721774, 2864)
63 59 ==> 93 36 34 85 (0.689124, 2864)
63 36 ==> 93 59 34 85 (0.684512, 2864)
63 34 ==> 93 59 36 85 (0.60371, 2864)
59 36 ==> 93 63 34 85 (0.647378, 2864)
93 ==> 63 59 36 86 (0.721774, 2864)
63 59 ==> 93 36 86 (0.689124, 2864)
63 36 ==> 93 59 86 (0.684512, 2864)
63 86 ==> 93 59 36 (0.60371, 2864)
59 36 ==> 93 63 86 (0.647378, 2864)
93 ==> 63 59 36 86 85 (0.721774, 2864)
63 59 ==> 93 36 86 85 (0.689124, 2864)
63 36 ==> 93 59 86 85 (0.684512, 2864)
63 86 ==> 93 59 36 85 (0.60371, 2864)
59 36 ==> 93 63 86 85 (0.647378, 2864)
93 ==> 63 59 36 85 (0.770161, 3056)
63 ==> 93 59 36 85 (0.619125, 3056)
59 36 ==> 93 63 85 (0.690778, 3056)
93 ==> 63 59 90 (0.794355, 3152)
63 ==> 93 59 90 (0.638574, 3152)
59 ==> 93 63 90 (0.608964, 3152)
93 ==> 63 59 90 34 (0.745968, 2960)
63 59 ==> 93 90 34 (0.712223, 2960)
63 90 ==> 93 59 34 (0.658363, 2960)
63 34 ==> 93 59 90 (0.623946, 2960)
59 90 ==> 93 63 34 (0.625, 2960)
93 ==> 63 59 90 34 86 (0.745968, 2960)
63 59 ==> 93 90 34 86 (0.712223, 2960)
63 90 ==> 93 59 34 86 (0.658363, 2960)
63 34 ==> 93 59 90 86 (0.623946, 2960)
63 86 ==> 93 59 90 34 (0.623946, 2960)
59 90 ==> 93 63 34 86 (0.625, 2960)
93 ==> 63 59 90 34 86 85 (0.745968, 2960)
63 59 ==> 93 90 34 86 85 (0.712223, 2960)
63 90 ==> 93 59 34 86 85 (0.658363, 2960)
63 34 ==> 93 59 90 86 85 (0.623946, 2960)
63 86 ==> 93 59 90 34 85 (0.623946, 2960)
59 90 ==> 93 63 34 86 85 (0.625, 2960)
93 ==> 63 59 90 34 85 (0.745968, 2960)
63 59 ==> 93 90 34 85 (0.712223, 2960)
63 90 ==> 93 59 34 85 (0.658363, 2960)
63 34 ==> 93 59 90 85 (0.623946, 2960)
59 90 ==> 93 63 34 85 (0.625, 2960)
93 ==> 63 59 90 86 (0.745968, 2960)
63 59 ==> 93 90 86 (0.712223, 2960)
63 90 ==> 93 59 86 (0.658363, 2960)
63 86 ==> 93 59 90 (0.623946, 2960)
59 90 ==> 93 63 86 (0.625, 2960)
93 ==> 63 59 90 86 85 (0.745968, 2960)
63 59 ==> 93 90 86 85 (0.712223, 2960)
63 90 ==> 93 59 86 85 (0.658363, 2960)
63 86 ==> 93 59 90 85 (0.623946, 2960)
59 90 ==> 93 63 86 85 (0.625, 2960)
93 ==> 63 59 90 85 (0.794355, 3152)
63 ==> 93 59 90 85 (0.638574, 3152)
59 ==> 93 63 90 85 (0.608964, 3152)
93 ==> 63 59 34 (0.790323, 3136)
63 ==> 93 59 34 (0.635332, 3136)
59 ==> 93 63 34 (0.605873, 3136)
93 ==> 63 59 34 86 (0.790323, 3136)
63 ==> 93 59 34 86 (0.635332, 3136)
59 ==> 93 63 34 86 (0.605873, 3136)
93 ==> 63 59 34 86 85 (0.790323, 3136)
63 ==> 93 59 34 86 85 (0.635332, 3136)
59 ==> 93 63 34 86 85 (0.605873, 3136)
93 ==> 63 59 34 85 (0.790323, 3136)
63 ==> 93 59 34 85 (0.635332, 3136)
59 ==> 93 63 34 85 (0.605873, 3136)
93 ==> 63 59 86 (0.790323, 3136)
63 ==> 93 59 86 (0.635332, 3136)
59 ==> 93 63 86 (0.605873, 3136)
93 ==> 63 59 86 85 (0.790323, 3136)
63 ==> 93 59 86 85 (0.635332, 3136)
59 ==> 93 63 86 85 (0.605873, 3136)
93 ==> 63 59 85 (0.83871, 3328)
63 ==> 93 59 85 (0.67423, 3328)
59 ==> 93 63 85 (0.642968, 3328)
93 ==> 63 36 (0.788306, 3128)
63 ==> 93 36 (0.633712, 3128)
93 ==> 63 36 90 (0.762097, 3024)
63 ==> 93 36 90 (0.612642, 3024)
93 ==> 63 36 90 85 (0.762097, 3024)
63 ==> 93 36 90 85 (0.612642, 3024)
93 ==> 63 36 34 (0.739919, 2936)
63 36 ==> 93 34 (0.701721, 2936)
63 34 ==> 93 36 (0.618887, 2936)
93 ==> 63 36 34 86 (0.739919, 2936)
63 36 ==> 93 34 86 (0.701721, 2936)
63 34 ==> 93 36 86 (0.618887, 2936)
63 86 ==> 93 36 34 (0.618887, 2936)
93 ==> 63 36 34 86 85 (0.739919, 2936)
63 36 ==> 93 34 86 85 (0.701721, 2936)
63 34 ==> 93 36 86 85 (0.618887, 2936)
63 86 ==> 93 36 34 85 (0.618887, 2936)
93 ==> 63 36 34 85 (0.739919, 2936)
63 36 ==> 93 34 85 (0.701721, 2936)
63 34 ==> 93 36 85 (0.618887, 2936)
93 ==> 63 36 86 (0.739919, 2936)
63 36 ==> 93 86 (0.701721, 2936)
63 86 ==> 93 36 (0.618887, 2936)
93 ==> 63 36 86 85 (0.739919, 2936)
63 36 ==> 93 86 85 (0.701721, 2936)
63 86 ==> 93 36 85 (0.618887, 2936)
93 ==> 63 36 85 (0.788306, 3128)
63 ==> 93 36 85 (0.633712, 3128)
93 ==> 63 90 (0.8125, 3224)
63 ==> 93 90 (0.65316, 3224)
93 ==> 63 90 34 (0.764113, 3032)
63 ==> 93 90 34 (0.614263, 3032)
93 ==> 63 90 34 86 (0.764113, 3032)
63 ==> 93 90 34 86 (0.614263, 3032)
93 ==> 63 90 34 86 85 (0.764113, 3032)
63 ==> 93 90 34 86 85 (0.614263, 3032)
93 ==> 63 90 34 85 (0.764113, 3032)
63 ==> 93 90 34 85 (0.614263, 3032)
93 ==> 63 90 86 (0.764113, 3032)
63 ==> 93 90 86 (0.614263, 3032)
93 ==> 63 90 86 85 (0.764113, 3032)
63 ==> 93 90 86 85 (0.614263, 3032)
93 ==> 63 90 85 (0.8125, 3224)
63 ==> 93 90 85 (0.65316, 3224)
93 ==> 63 34 (0.826613, 3280)
63 ==> 93 34 (0.664506, 3280)
93 ==> 63 34 86 (0.826613, 3280)
63 ==> 93 34 86 (0.664506, 3280)
93 ==> 63 34 86 85 (0.826613, 3280)
63 ==> 93 34 86 85 (0.664506, 3280)
93 ==> 63 34 85 (0.826613, 3280)
63 ==> 93 34 85 (0.664506, 3280)
93 ==> 63 86 (0.826613, 3280)
63 ==> 93 86 (0.664506, 3280)
93 ==> 63 86 85 (0.826613, 3280)
63 ==> 93 86 85 (0.664506, 3280)
93 ==> 63 85 (0.875, 3472)
63 ==> 93 85 (0.703404, 3472)
93 ==> 59 (0.923387, 3664)
59 ==> 93 (0.707883, 3664)
93 ==> 59 39 (0.760081, 3016)
59 39 ==> 93 (0.839644, 3016)
93 ==> 59 39 36 (0.72379, 2872)
59 39 ==> 93 36 (0.799555, 2872)
59 36 ==> 93 39 (0.649186, 2872)
39 36 ==> 93 59 (0.630378, 2872)
93 ==> 59 39 36 85 (0.72379, 2872)
59 39 ==> 93 36 85 (0.799555, 2872)
59 36 ==> 93 39 85 (0.649186, 2872)
39 36 ==> 93 59 85 (0.630378, 2872)
93 ==> 59 39 85 (0.760081, 3016)
59 39 ==> 93 85 (0.839644, 3016)
93 ==> 59 36 (0.836694, 3320)
59 ==> 93 36 (0.641422, 3320)
93 ==> 59 36 90 (0.810484, 3216)
59 ==> 93 36 90 (0.621329, 3216)
93 ==> 59 36 90 34 (0.762097, 3024)
59 36 ==> 93 90 34 (0.683544, 3024)
59 90 ==> 93 36 34 (0.638514, 3024)
59 34 ==> 93 36 90 (0.606742, 3024)
93 ==> 59 36 90 34 86 (0.762097, 3024)
59 36 ==> 93 90 34 86 (0.683544, 3024)
59 90 ==> 93 36 34 86 (0.638514, 3024)
59 34 ==> 93 36 90 86 (0.606742, 3024)
59 86 ==> 93 36 90 34 (0.606742, 3024)
93 ==> 59 36 90 34 86 85 (0.762097, 3024)
59 36 ==> 93 90 34 86 85 (0.683544, 3024)
59 90 ==> 93 36 34 86 85 (0.638514, 3024)
59 34 ==> 93 36 90 86 85 (0.606742, 3024)
59 86 ==> 93 36 90 34 85 (0.606742, 3024)
93 ==> 59 36 90 34 85 (0.762097, 3024)
59 36 ==> 93 90 34 85 (0.683544, 3024)
59 90 ==> 93 36 34 85 (0.638514, 3024)
59 34 ==> 93 36 90 85 (0.606742, 3024)
93 ==> 59 36 90 86 (0.762097, 3024)
59 36 ==> 93 90 86 (0.683544, 3024)
59 90 ==> 93 36 86 (0.638514, 3024)
59 86 ==> 93 36 90 (0.606742, 3024)
93 ==> 59 36 90 86 85 (0.762097, 3024)
59 36 ==> 93 90 86 85 (0.683544, 3024)
59 90 ==> 93 36 86 85 (0.638514, 3024)
59 86 ==> 93 36 90 85 (0.606742, 3024)
93 ==> 59 36 90 85 (0.810484, 3216)
59 ==> 93 36 90 85 (0.621329, 3216)
93 ==> 59 36 34 (0.788306, 3128)
59 ==> 93 36 34 (0.604328, 3128)
93 ==> 59 36 34 86 (0.788306, 3128)
59 ==> 93 36 34 86 (0.604328, 3128)
93 ==> 59 36 34 86 85 (0.788306, 3128)
59 ==> 93 36 34 86 85 (0.604328, 3128)
93 ==> 59 36 34 85 (0.788306, 3128)
59 ==> 93 36 34 85 (0.604328, 3128)
93 ==> 59 36 86 (0.788306, 3128)
59 ==> 93 36 86 (0.604328, 3128)
93 ==> 59 36 86 85 (0.788306, 3128)
59 ==> 93 36 86 85 (0.604328, 3128)
93 ==> 59 36 85 (0.836694, 3320)
59 ==> 93 36 85 (0.641422, 3320)
93 ==> 59 90 (0.860887, 3416)
59 ==> 93 90 (0.659969, 3416)
93 ==> 59 90 34 (0.8125, 3224)
59 ==> 93 90 34 (0.622875, 3224)
93 ==> 59 90 34 86 (0.8125, 3224)
59 ==> 93 90 34 86 (0.622875, 3224)
93 ==> 59 90 34 86 85 (0.8125, 3224)
59 ==> 93 90 34 86 85 (0.622875, 3224)
93 ==> 59 90 34 85 (0.8125, 3224)
59 ==> 93 90 34 85 (0.622875, 3224)
93 ==> 59 90 86 (0.8125, 3224)
59 ==> 93 90 86 (0.622875, 3224)
93 ==> 59 90 86 85 (0.8125, 3224)
59 ==> 93 90 86 85 (0.622875, 3224)
93 ==> 59 90 85 (0.860887, 3416)
59 ==> 93 90 85 (0.659969, 3416)
93 ==> 59 34 (0.875, 3472)
59 ==> 93 34 (0.670788, 3472)
93 ==> 59 34 86 (0.875, 3472)
59 ==> 93 34 86 (0.670788, 3472)
93 ==> 59 34 86 85 (0.875, 3472)
59 ==> 93 34 86 85 (0.670788, 3472)
93 ==> 59 34 85 (0.875, 3472)
59 ==> 93 34 85 (0.670788, 3472)
93 ==> 59 86 (0.875, 3472)
59 ==> 93 86 (0.670788, 3472)
93 ==> 59 86 85 (0.875, 3472)
59 ==> 93 86 85 (0.670788, 3472)
93 ==> 59 85 (0.923387, 3664)
59 ==> 93 85 (0.707883, 3664)
93 ==> 39 (0.836694, 3320)
93 ==> 39 36 (0.764113, 3032)
39 36 ==> 93 (0.665496, 3032)
93 ==> 39 36 90 (0.733871, 2912)
39 36 ==> 93 90 (0.639157, 2912)
93 ==> 39 36 90 85 (0.733871, 2912)
39 36 ==> 93 90 85 (0.639157, 2912)
93 ==> 39 36 85 (0.764113, 3032)
39 36 ==> 93 85 (0.665496, 3032)
93 ==> 39 90 (0.733871, 2912)
93 ==> 39 90 85 (0.733871, 2912)
93 ==> 39 34 (0.788306, 3128)
93 ==> 39 34 86 (0.788306, 3128)
93 ==> 39 34 86 85 (0.788306, 3128)
93 ==> 39 34 85 (0.788306, 3128)
93 ==> 39 86 (0.788306, 3128)
93 ==> 39 86 85 (0.788306, 3128)
93 ==> 39 85 (0.836694, 3320)
93 ==> 36 (0.877016, 3480)
93 ==> 36 90 (0.846774, 3360)
93 ==> 36 90 34 (0.798387, 3168)
93 ==> 36 90 34 86 (0.798387, 3168)
93 ==> 36 90 34 86 85 (0.798387, 3168)
93 ==> 36 90 34 85 (0.798387, 3168)
93 ==> 36 90 86 (0.798387, 3168)
93 ==> 36 90 86 85 (0.798387, 3168)
93 ==> 36 90 85 (0.846774, 3360)
93 ==> 36 34 (0.828629, 3288)
93 ==> 36 34 86 (0.828629, 3288)
93 ==> 36 34 86 85 (0.828629, 3288)
93 ==> 36 34 85 (0.828629, 3288)
93 ==> 36 86 (0.828629, 3288)
93 ==> 36 86 85 (0.828629, 3288)
93 ==> 36 85 (0.877016, 3480)
93 ==> 90 (0.897177, 3560)
93 ==> 90 34 (0.84879, 3368)
93 ==> 90 34 86 (0.84879, 3368)
93 ==> 90 34 86 85 (0.84879, 3368)
93 ==> 90 34 85 (0.84879, 3368)
93 ==> 90 86 (0.84879, 3368)
93 ==> 90 86 85 (0.84879, 3368)
93 ==> 90 85 (0.897177, 3560)
93 ==> 34 (0.951613, 3776)
93 ==> 34 86 (0.951613, 3776)
93 ==> 34 86 85 (0.951613, 3776)
93 ==> 34 85 (0.951613, 3776)
93 ==> 86 (0.951613, 3776)
93 ==> 86 85 (0.951613, 3776)
93 ==> 85 (1, 3968)
110 ==> 36 (0.952475, 3848)
110 ==> 36 90 (0.930693, 3760)
110 ==> 36 90 34 (0.906931, 3664)
110 ==> 36 90 34 86 (0.906931, 3664)
110 ==> 36 90 34 86 85 (0.906931, 3664)
110 ==> 36 90 34 85 (0.906931, 3664)
110 ==> 36 90 86 (0.906931, 3664)
110 ==> 36 90 86 85 (0.906931, 3664)
110 ==> 36 90 85 (0.930693, 3760)
110 ==> 36 34 (0.928713, 3752)
110 ==> 36 34 86 (0.928713, 3752)
110 ==> 36 34 86 85 (0.928713, 3752)
110 ==> 36 34 85 (0.928713, 3752)
110 ==> 36 86 (0.928713, 3752)
110 ==> 36 86 85 (0.928713, 3752)
110 ==> 36 85 (0.952475, 3848)
110 ==> 90 (0.978218, 3952)
110 ==> 90 34 (0.954455, 3856)
110 ==> 90 34 86 (0.954455, 3856)
110 ==> 90 34 86 85 (0.954455, 3856)
110 ==> 90 34 85 (0.954455, 3856)
110 ==> 90 86 (0.954455, 3856)
110 ==> 90 86 85 (0.954455, 3856)
110 ==> 90 85 (0.978218, 3952)
110 ==> 34 (0.976238, 3944)
110 ==> 34 86 (0.976238, 3944)
110 ==> 34 86 85 (0.976238, 3944)
110 ==> 34 85 (0.976238, 3944)
110 ==> 86 (0.976238, 3944)
110 ==> 86 85 (0.976238, 3944)
110 ==> 85 (1, 4040)
2 ==> 63 (0.807985, 3400)
63 ==> 2 (0.688817, 3400)
2 ==> 63 59 (0.742395, 3124)
63 ==> 2 59 (0.632901, 3124)
59 ==> 2 63 (0.603555, 3124)
2 ==> 63 59 39 (0.693916, 2920)
63 59 ==> 2 39 (0.702599, 2920)
63 39 ==> 2 59 (0.858824, 2920)
59 39 ==> 2 63 (0.812918, 2920)
2 ==> 63 59 39 85 (0.693916, 2920)
63 59 ==> 2 39 85 (0.702599, 2920)
63 39 ==> 2 59 85 (0.858824, 2920)
59 39 ==> 2 63 85 (0.812918, 2920)
2 ==> 63 59 34 (0.696768, 2932)
63 59 ==> 2 34 (0.705486, 2932)
63 34 ==> 2 59 (0.618044, 2932)
2 ==> 63 59 34 86 (0.696768, 2932)
63 59 ==> 2 34 86 (0.705486, 2932)
63 34 ==> 2 59 86 (0.618044, 2932)
63 86 ==> 2 59 34 (0.618044, 2932)
2 ==> 63 59 34 86 85 (0.696768, 2932)
63 59 ==> 2 34 86 85 (0.705486, 2932)
63 34 ==> 2 59 86 85 (0.618044, 2932)
63 86 ==> 2 59 34 85 (0.618044, 2932)
2 ==> 63 59 34 85 (0.696768, 2932)
63 59 ==> 2 34 85 (0.705486, 2932)
63 34 ==> 2 59 85 (0.618044, 2932)
2 ==> 63 59 86 (0.696768, 2932)
63 59 ==> 2 86 (0.705486, 2932)
63 86 ==> 2 59 (0.618044, 2932)
2 ==> 63 59 86 85 (0.696768, 2932)
63 59 ==> 2 86 85 (0.705486, 2932)
63 86 ==> 2 59 85 (0.618044, 2932)
2 ==> 63 59 85 (0.742395, 3124)
63 ==> 2 59 85 (0.632901, 3124)
59 ==> 2 63 85 (0.603555, 3124)
2 ==> 63 39 (0.756654, 3184)
63 ==> 2 39 (0.645057, 3184)
2 ==> 63 39 34 (0.711027, 2992)
63 ==> 2 39 34 (0.606159, 2992)
2 ==> 63 39 34 86 (0.711027, 2992)
63 ==> 2 39 34 86 (0.606159, 2992)
2 ==> 63 39 34 86 85 (0.711027, 2992)
63 ==> 2 39 34 86 85 (0.606159, 2992)
2 ==> 63 39 34 85 (0.711027, 2992)
63 ==> 2 39 34 85 (0.606159, 2992)
2 ==> 63 39 86 (0.711027, 2992)
63 ==> 2 39 86 (0.606159, 2992)
2 ==> 63 39 86 85 (0.711027, 2992)
63 ==> 2 39 86 85 (0.606159, 2992)
2 ==> 63 39 85 (0.756654, 3184)
63 ==> 2 39 85 (0.645057, 3184)
2 ==> 63 90 (0.720532, 3032)
63 ==> 2 90 (0.614263, 3032)
2 ==> 63 90 85 (0.720532, 3032)
63 ==> 2 90 85 (0.614263, 3032)
2 ==> 63 34 (0.762357, 3208)
63 ==> 2 34 (0.649919, 3208)
2 ==> 63 34 86 (0.762357, 3208)
63 ==> 2 34 86 (0.649919, 3208)
2 ==> 63 34 86 85 (0.762357, 3208)
63 ==> 2 34 86 85 (0.649919, 3208)
2 ==> 63 34 85 (0.762357, 3208)
63 ==> 2 34 85 (0.649919, 3208)
2 ==> 63 86 (0.762357, 3208)
63 ==> 2 86 (0.649919, 3208)
2 ==> 63 86 85 (0.762357, 3208)
63 ==> 2 86 85 (0.649919, 3208)
2 ==> 63 85 (0.807985, 3400)
63 ==> 2 85 (0.688817, 3400)
2 ==> 59 (0.865019, 3640)
59 ==> 2 (0.703246, 3640)
2 ==> 59 39 (0.802281, 3376)
59 ==> 2 39 (0.652241, 3376)
39 ==> 2 59 (0.601568, 3376)
2 ==> 59 39 36 (0.676806, 2848)
59 39 ==> 2 36 (0.792873, 2848)
59 36 ==> 2 39 (0.643761, 2848)
39 36 ==> 2 59 (0.62511, 2848)
2 ==> 59 39 36 85 (0.676806, 2848)
59 39 ==> 2 36 85 (0.792873, 2848)
59 36 ==> 2 39 85 (0.643761, 2848)
39 36 ==> 2 59 85 (0.62511, 2848)
2 ==> 59 39 90 (0.714829, 3008)
59 39 ==> 2 90 (0.837416, 3008)
59 90 ==> 2 39 (0.635135, 3008)
39 90 ==> 2 59 (0.604502, 3008)
2 ==> 59 39 90 85 (0.714829, 3008)
59 39 ==> 2 90 85 (0.837416, 3008)
59 90 ==> 2 39 85 (0.635135, 3008)
39 90 ==> 2 59 85 (0.604502, 3008)
2 ==> 59 39 34 (0.756654, 3184)
59 ==> 2 39 34 (0.615147, 3184)
2 ==> 59 39 34 86 (0.756654, 3184)
59 ==> 2 39 34 86 (0.615147, 3184)
2 ==> 59 39 34 86 85 (0.756654, 3184)
59 ==> 2 39 34 86 85 (0.615147, 3184)
2 ==> 59 39 34 85 (0.756654, 3184)
59 ==> 2 39 34 85 (0.615147, 3184)
2 ==> 59 39 86 (0.756654, 3184)
59 ==> 2 39 86 (0.615147, 3184)
2 ==> 59 39 86 85 (0.756654, 3184)
59 ==> 2 39 86 85 (0.615147, 3184)
2 ==> 59 39 85 (0.802281, 3376)
59 ==> 2 39 85 (0.652241, 3376)
39 ==> 2 59 85 (0.601568, 3376)
2 ==> 59 36 (0.711027, 2992)
59 36 ==> 2 (0.676311, 2992)
2 ==> 59 36 85 (0.711027, 2992)
59 36 ==> 2 85 (0.676311, 2992)
2 ==> 59 90 (0.777567, 3272)
59 ==> 2 90 (0.632148, 3272)
2 ==> 59 90 34 (0.731939, 3080)
59 90 ==> 2 34 (0.650338, 3080)
59 34 ==> 2 90 (0.617978, 3080)
2 ==> 59 90 34 86 (0.731939, 3080)
59 90 ==> 2 34 86 (0.650338, 3080)
59 34 ==> 2 90 86 (0.617978, 3080)
59 86 ==> 2 90 34 (0.617978, 3080)
2 ==> 59 90 34 86 85 (0.731939, 3080)
59 90 ==> 2 34 86 85 (0.650338, 3080)
59 34 ==> 2 90 86 85 (0.617978, 3080)
59 86 ==> 2 90 34 85 (0.617978, 3080)
2 ==> 59 90 34 85 (0.731939, 3080)
59 90 ==> 2 34 85 (0.650338, 3080)
59 34 ==> 2 90 85 (0.617978, 3080)
2 ==> 59 90 86 (0.731939, 3080)
59 90 ==> 2 86 (0.650338, 3080)
59 86 ==> 2 90 (0.617978, 3080)
2 ==> 59 90 86 85 (0.731939, 3080)
59 90 ==> 2 86 85 (0.650338, 3080)
59 86 ==> 2 90 85 (0.617978, 3080)
2 ==> 59 90 85 (0.777567, 3272)
59 ==> 2 90 85 (0.632148, 3272)
2 ==> 59 34 (0.819392, 3448)
59 ==> 2 34 (0.666151, 3448)
2 ==> 59 34 86 (0.819392, 3448)
59 ==> 2 34 86 (0.666151, 3448)
2 ==> 59 34 86 85 (0.819392, 3448)
59 ==> 2 34 86 85 (0.666151, 3448)
2 ==> 59 34 85 (0.819392, 3448)
59 ==> 2 34 85 (0.666151, 3448)
2 ==> 59 86 (0.819392, 3448)
59 ==> 2 86 (0.666151, 3448)
2 ==> 59 86 85 (0.819392, 3448)
59 ==> 2 86 85 (0.666151, 3448)
2 ==> 59 85 (0.865019, 3640)
59 ==> 2 85 (0.703246, 3640)
2 ==> 39 (0.931559, 3920)
39 ==> 2 (0.698503, 3920)
2 ==> 39 36 (0.680608, 2864)
39 36 ==> 2 (0.628622, 2864)
2 ==> 39 36 85 (0.680608, 2864)
39 36 ==> 2 85 (0.628622, 2864)
2 ==> 39 90 (0.806084, 3392)
39 ==> 2 90 (0.604419, 3392)
2 ==> 39 90 34 (0.760456, 3200)
39 90 ==> 2 34 (0.643087, 3200)
2 ==> 39 90 34 86 (0.760456, 3200)
39 90 ==> 2 34 86 (0.643087, 3200)
2 ==> 39 90 34 86 85 (0.760456, 3200)
39 90 ==> 2 34 86 85 (0.643087, 3200)
2 ==> 39 90 34 85 (0.760456, 3200)
39 90 ==> 2 34 85 (0.643087, 3200)
2 ==> 39 90 86 (0.760456, 3200)
39 90 ==> 2 86 (0.643087, 3200)
2 ==> 39 90 86 85 (0.760456, 3200)
39 90 ==> 2 86 85 (0.643087, 3200)
2 ==> 39 90 85 (0.806084, 3392)
39 ==> 2 90 85 (0.604419, 3392)
2 ==> 39 34 (0.885932, 3728)
39 ==> 2 34 (0.664291, 3728)
2 ==> 39 34 86 (0.885932, 3728)
39 ==> 2 34 86 (0.664291, 3728)
2 ==> 39 34 86 85 (0.885932, 3728)
39 ==> 2 34 86 85 (0.664291, 3728)
2 ==> 39 34 85 (0.885932, 3728)
39 ==> 2 34 85 (0.664291, 3728)
2 ==> 39 86 (0.885932, 3728)
39 ==> 2 86 (0.664291, 3728)
2 ==> 39 86 85 (0.885932, 3728)
39 ==> 2 86 85 (0.664291, 3728)
2 ==> 39 85 (0.931559, 3920)
39 ==> 2 85 (0.698503, 3920)
2 ==> 36 (0.714829, 3008)
2 ==> 36 85 (0.714829, 3008)
2 ==> 90 (0.874525, 3680)
2 ==> 90 34 (0.828897, 3488)
2 ==> 90 34 86 (0.828897, 3488)
2 ==> 90 34 86 85 (0.828897, 3488)
2 ==> 90 34 85 (0.828897, 3488)
2 ==> 90 86 (0.828897, 3488)
2 ==> 90 86 85 (0.828897, 3488)
2 ==> 90 85 (0.874525, 3680)
2 ==> 34 (0.954373, 4016)
2 ==> 34 86 (0.954373, 4016)
2 ==> 34 86 85 (0.954373, 4016)
2 ==> 34 85 (0.954373, 4016)
2 ==> 86 (0.954373, 4016)
2 ==> 86 85 (0.954373, 4016)
2 ==> 85 (1, 4208)
76 ==> 67 (0.80292, 3520)
67 ==> 76 (0.78853, 3520)
76 ==> 67 90 (0.702555, 3080)
67 ==> 76 90 (0.689964, 3080)
76 ==> 67 90 34 (0.702555, 3080)
67 ==> 76 90 34 (0.689964, 3080)
76 ==> 67 90 34 86 (0.702555, 3080)
67 ==> 76 90 34 86 (0.689964, 3080)
76 ==> 67 90 34 86 85 (0.702555, 3080)
67 ==> 76 90 34 86 85 (0.689964, 3080)
76 ==> 67 90 34 85 (0.702555, 3080)
67 ==> 76 90 34 85 (0.689964, 3080)
76 ==> 67 90 86 (0.702555, 3080)
67 ==> 76 90 86 (0.689964, 3080)
76 ==> 67 90 86 85 (0.702555, 3080)
67 ==> 76 90 86 85 (0.689964, 3080)
76 ==> 67 90 85 (0.702555, 3080)
67 ==> 76 90 85 (0.689964, 3080)
76 ==> 67 34 (0.80292, 3520)
67 ==> 76 34 (0.78853, 3520)
76 ==> 67 34 86 (0.80292, 3520)
67 ==> 76 34 86 (0.78853, 3520)
76 ==> 67 34 86 85 (0.80292, 3520)
67 ==> 76 34 86 85 (0.78853, 3520)
76 ==> 67 34 85 (0.80292, 3520)
67 ==> 76 34 85 (0.78853, 3520)
76 ==> 67 86 (0.80292, 3520)
67 ==> 76 86 (0.78853, 3520)
76 ==> 67 86 85 (0.80292, 3520)
67 ==> 76 86 85 (0.78853, 3520)
76 ==> 67 85 (0.80292, 3520)
67 ==> 76 85 (0.78853, 3520)
76 ==> 63 (0.693431, 3040)
63 ==> 76 (0.615883, 3040)
76 ==> 63 34 (0.693431, 3040)
63 ==> 76 34 (0.615883, 3040)
76 ==> 63 34 86 (0.693431, 3040)
63 ==> 76 34 86 (0.615883, 3040)
76 ==> 63 34 86 85 (0.693431, 3040)
63 ==> 76 34 86 85 (0.615883, 3040)
76 ==> 63 34 85 (0.693431, 3040)
63 ==> 76 34 85 (0.615883, 3040)
76 ==> 63 86 (0.693431, 3040)
63 ==> 76 86 (0.615883, 3040)
76 ==> 63 86 85 (0.693431, 3040)
63 ==> 76 86 85 (0.615883, 3040)
76 ==> 63 85 (0.693431, 3040)
63 ==> 76 85 (0.615883, 3040)
76 ==> 59 (0.748175, 3280)
59 ==> 76 (0.633694, 3280)
76 ==> 59 90 (0.669708, 2936)
59 90 ==> 76 (0.619932, 2936)
76 ==> 59 90 34 (0.669708, 2936)
59 90 ==> 76 34 (0.619932, 2936)
76 ==> 59 90 34 86 (0.669708, 2936)
59 90 ==> 76 34 86 (0.619932, 2936)
76 ==> 59 90 34 86 85 (0.669708, 2936)
59 90 ==> 76 34 86 85 (0.619932, 2936)
76 ==> 59 90 34 85 (0.669708, 2936)
59 90 ==> 76 34 85 (0.619932, 2936)
76 ==> 59 90 86 (0.669708, 2936)
59 90 ==> 76 86 (0.619932, 2936)
76 ==> 59 90 86 85 (0.669708, 2936)
59 90 ==> 76 86 85 (0.619932, 2936)
76 ==> 59 90 85 (0.669708, 2936)
59 90 ==> 76 85 (0.619932, 2936)
76 ==> 59 34 (0.748175, 3280)
59 ==> 76 34 (0.633694, 3280)
76 ==> 59 34 86 (0.748175, 3280)
59 ==> 76 34 86 (0.633694, 3280)
76 ==> 59 34 86 85 (0.748175, 3280)
59 ==> 76 34 86 85 (0.633694, 3280)
76 ==> 59 34 85 (0.748175, 3280)
59 ==> 76 34 85 (0.633694, 3280)
76 ==> 59 86 (0.748175, 3280)
59 ==> 76 86 (0.633694, 3280)
76 ==> 59 86 85 (0.748175, 3280)
59 ==> 76 86 85 (0.633694, 3280)
76 ==> 59 85 (0.748175, 3280)
59 ==> 76 85 (0.633694, 3280)
76 ==> 36 (0.713504, 3128)
76 ==> 36 90 (0.667883, 2928)
76 ==> 36 90 34 (0.667883, 2928)
76 ==> 36 90 34 86 (0.667883, 2928)
76 ==> 36 90 34 86 85 (0.667883, 2928)
76 ==> 36 90 34 85 (0.667883, 2928)
76 ==> 36 90 86 (0.667883, 2928)
76 ==> 36 90 86 85 (0.667883, 2928)
76 ==> 36 90 85 (0.667883, 2928)
76 ==> 36 34 (0.713504, 3128)
76 ==> 36 34 86 (0.713504, 3128)
76 ==> 36 34 86 85 (0.713504, 3128)
76 ==> 36 34 85 (0.713504, 3128)
76 ==> 36 86 (0.713504, 3128)
76 ==> 36 86 85 (0.713504, 3128)
76 ==> 36 85 (0.713504, 3128)
76 ==> 90 (0.888686, 3896)
76 ==> 90 34 (0.888686, 3896)
76 ==> 90 34 86 (0.888686, 3896)
76 ==> 90 34 86 85 (0.888686, 3896)
76 ==> 90 34 85 (0.888686, 3896)
76 ==> 90 86 (0.888686, 3896)
76 ==> 90 86 85 (0.888686, 3896)
76 ==> 90 85 (0.888686, 3896)
76 ==> 34 (1, 4384)
76 ==> 34 86 (1, 4384)
76 ==> 34 86 85 (1, 4384)
76 ==> 34 85 (1, 4384)
76 ==> 86 (1, 4384)
76 ==> 86 85 (1, 4384)
76 ==> 85 (1, 4384)
67 ==> 63 (0.68638, 3064)
63 ==> 67 (0.620746, 3064)
67 ==> 63 34 (0.68638, 3064)
63 ==> 67 34 (0.620746, 3064)
67 ==> 63 34 86 (0.68638, 3064)
63 ==> 67 34 86 (0.620746, 3064)
67 ==> 63 34 86 85 (0.68638, 3064)
63 ==> 67 34 86 85 (0.620746, 3064)
67 ==> 63 34 85 (0.68638, 3064)
63 ==> 67 34 85 (0.620746, 3064)
67 ==> 63 86 (0.68638, 3064)
63 ==> 67 86 (0.620746, 3064)
67 ==> 63 86 85 (0.68638, 3064)
63 ==> 67 86 85 (0.620746, 3064)
67 ==> 63 85 (0.68638, 3064)
63 ==> 67 85 (0.620746, 3064)
67 ==> 59 (0.740143, 3304)
59 ==> 67 (0.638331, 3304)
67 ==> 59 90 (0.663082, 2960)
59 90 ==> 67 (0.625, 2960)
67 ==> 59 90 34 (0.663082, 2960)
59 90 ==> 67 34 (0.625, 2960)
67 ==> 59 90 34 86 (0.663082, 2960)
59 90 ==> 67 34 86 (0.625, 2960)
67 ==> 59 90 34 86 85 (0.663082, 2960)
59 90 ==> 67 34 86 85 (0.625, 2960)
67 ==> 59 90 34 85 (0.663082, 2960)
59 90 ==> 67 34 85 (0.625, 2960)
67 ==> 59 90 86 (0.663082, 2960)
59 90 ==> 67 86 (0.625, 2960)
67 ==> 59 90 86 85 (0.663082, 2960)
59 90 ==> 67 86 85 (0.625, 2960)
67 ==> 59 90 85 (0.663082, 2960)
59 90 ==> 67 85 (0.625, 2960)
67 ==> 59 34 (0.740143, 3304)
59 ==> 67 34 (0.638331, 3304)
67 ==> 59 34 86 (0.740143, 3304)
59 ==> 67 34 86 (0.638331, 3304)
67 ==> 59 34 86 85 (0.740143, 3304)
59 ==> 67 34 86 85 (0.638331, 3304)
67 ==> 59 34 85 (0.740143, 3304)
59 ==> 67 34 85 (0.638331, 3304)
67 ==> 59 86 (0.740143, 3304)
59 ==> 67 86 (0.638331, 3304)
67 ==> 59 86 85 (0.740143, 3304)
59 ==> 67 86 85 (0.638331, 3304)
67 ==> 59 85 (0.740143, 3304)
59 ==> 67 85 (0.638331, 3304)
67 ==> 36 (0.707885, 3160)
67 ==> 36 90 (0.663082, 2960)
67 ==> 36 90 34 (0.663082, 2960)
67 ==> 36 90 34 86 (0.663082, 2960)
67 ==> 36 90 34 86 85 (0.663082, 2960)
67 ==> 36 90 34 85 (0.663082, 2960)
67 ==> 36 90 86 (0.663082, 2960)
67 ==> 36 90 86 85 (0.663082, 2960)
67 ==> 36 90 85 (0.663082, 2960)
67 ==> 36 34 (0.707885, 3160)
67 ==> 36 34 86 (0.707885, 3160)
67 ==> 36 34 86 85 (0.707885, 3160)
67 ==> 36 34 85 (0.707885, 3160)
67 ==> 36 86 (0.707885, 3160)
67 ==> 36 86 85 (0.707885, 3160)
67 ==> 36 85 (0.707885, 3160)
67 ==> 90 (0.890681, 3976)
67 ==> 90 34 (0.890681, 3976)
67 ==> 90 34 86 (0.890681, 3976)
67 ==> 90 34 86 85 (0.890681, 3976)
67 ==> 90 34 85 (0.890681, 3976)
67 ==> 90 86 (0.890681, 3976)
67 ==> 90 86 85 (0.890681, 3976)
67 ==> 90 85 (0.890681, 3976)
67 ==> 34 (1, 4464)
67 ==> 34 86 (1, 4464)
67 ==> 34 86 85 (1, 4464)
67 ==> 34 85 (1, 4464)
67 ==> 86 (1, 4464)
67 ==> 86 85 (1, 4464)
67 ==> 85 (1, 4464)
53 ==> 63 (0.697917, 3216)
63 ==> 53 (0.65154, 3216)
53 ==> 63 90 (0.697917, 3216)
63 ==> 53 90 (0.65154, 3216)
53 ==> 63 90 34 (0.697917, 3216)
63 ==> 53 90 34 (0.65154, 3216)
53 ==> 63 90 34 86 (0.697917, 3216)
63 ==> 53 90 34 86 (0.65154, 3216)
53 ==> 63 90 34 86 85 (0.697917, 3216)
63 ==> 53 90 34 86 85 (0.65154, 3216)
53 ==> 63 90 34 85 (0.697917, 3216)
63 ==> 53 90 34 85 (0.65154, 3216)
53 ==> 63 90 86 (0.697917, 3216)
63 ==> 53 90 86 (0.65154, 3216)
53 ==> 63 90 86 85 (0.697917, 3216)
63 ==> 53 90 86 85 (0.65154, 3216)
53 ==> 63 90 85 (0.697917, 3216)
63 ==> 53 90 85 (0.65154, 3216)
53 ==> 63 34 (0.697917, 3216)
63 ==> 53 34 (0.65154, 3216)
53 ==> 63 34 86 (0.697917, 3216)
63 ==> 53 34 86 (0.65154, 3216)
53 ==> 63 34 86 85 (0.697917, 3216)
63 ==> 53 34 86 85 (0.65154, 3216)
53 ==> 63 34 85 (0.697917, 3216)
63 ==> 53 34 85 (0.65154, 3216)
53 ==> 63 86 (0.697917, 3216)
63 ==> 53 86 (0.65154, 3216)
53 ==> 63 86 85 (0.697917, 3216)
63 ==> 53 86 85 (0.65154, 3216)
53 ==> 63 85 (0.697917, 3216)
63 ==> 53 85 (0.65154, 3216)
53 ==> 59 (0.697917, 3216)
59 ==> 53 (0.621329, 3216)
53 ==> 59 90 (0.697917, 3216)
59 ==> 53 90 (0.621329, 3216)
53 ==> 59 90 34 (0.697917, 3216)
59 ==> 53 90 34 (0.621329, 3216)
53 ==> 59 90 34 86 (0.697917, 3216)
59 ==> 53 90 34 86 (0.621329, 3216)
53 ==> 59 90 34 86 85 (0.697917, 3216)
59 ==> 53 90 34 86 85 (0.621329, 3216)
53 ==> 59 90 34 85 (0.697917, 3216)
59 ==> 53 90 34 85 (0.621329, 3216)
53 ==> 59 90 86 (0.697917, 3216)
59 ==> 53 90 86 (0.621329, 3216)
53 ==> 59 90 86 85 (0.697917, 3216)
59 ==> 53 90 86 85 (0.621329, 3216)
53 ==> 59 90 85 (0.697917, 3216)
59 ==> 53 90 85 (0.621329, 3216)
53 ==> 59 34 (0.697917, 3216)
59 ==> 53 34 (0.621329, 3216)
53 ==> 59 34 86 (0.697917, 3216)
59 ==> 53 34 86 (0.621329, 3216)
53 ==> 59 34 86 85 (0.697917, 3216)
59 ==> 53 34 86 85 (0.621329, 3216)
53 ==> 59 34 85 (0.697917, 3216)
59 ==> 53 34 85 (0.621329, 3216)
53 ==> 59 86 (0.697917, 3216)
59 ==> 53 86 (0.621329, 3216)
53 ==> 59 86 85 (0.697917, 3216)
59 ==> 53 86 85 (0.621329, 3216)
53 ==> 59 85 (0.697917, 3216)
59 ==> 53 85 (0.621329, 3216)
53 ==> 36 (0.8125, 3744)
53 ==> 36 90 (0.8125, 3744)
53 ==> 36 90 34 (0.8125, 3744)
53 ==> 36 90 34 86 (0.8125, 3744)
53 ==> 36 90 34 86 85 (0.8125, 3744)
53 ==> 36 90 34 85 (0.8125, 3744)
53 ==> 36 90 86 (0.8125, 3744)
53 ==> 36 90 86 85 (0.8125, 3744)
53 ==> 36 90 85 (0.8125, 3744)
53 ==> 36 34 (0.8125, 3744)
53 ==> 36 34 86 (0.8125, 3744)
53 ==> 36 34 86 85 (0.8125, 3744)
53 ==> 36 34 85 (0.8125, 3744)
53 ==> 36 86 (0.8125, 3744)
53 ==> 36 86 85 (0.8125, 3744)
53 ==> 36 85 (0.8125, 3744)
53 ==> 90 (1, 4608)
90 ==> 53 (0.615385, 4608)
53 ==> 90 34 (1, 4608)
90 ==> 53 34 (0.615385, 4608)
53 ==> 90 34 86 (1, 4608)
90 ==> 53 34 86 (0.615385, 4608)
53 ==> 90 34 86 85 (1, 4608)
90 ==> 53 34 86 85 (0.615385, 4608)
53 ==> 90 34 85 (1, 4608)
90 ==> 53 34 85 (0.615385, 4608)
53 ==> 90 86 (1, 4608)
90 ==> 53 86 (0.615385, 4608)
53 ==> 90 86 85 (1, 4608)
90 ==> 53 86 85 (0.615385, 4608)
53 ==> 90 85 (1, 4608)
90 ==> 53 85 (0.615385, 4608)
53 ==> 34 (1, 4608)
53 ==> 34 86 (1, 4608)
53 ==> 34 86 85 (1, 4608)
53 ==> 34 85 (1, 4608)
53 ==> 86 (1, 4608)
53 ==> 86 85 (1, 4608)
53 ==> 85 (1, 4608)
24 ==> 36 (0.745577, 3540)
24 ==> 36 90 (0.734625, 3488)
24 ==> 36 90 34 (0.694187, 3296)
24 ==> 36 90 34 86 (0.694187, 3296)
24 ==> 36 90 34 86 85 (0.694187, 3296)
24 ==> 36 90 34 85 (0.694187, 3296)
24 ==> 36 90 86 (0.694187, 3296)
24 ==> 36 90 86 85 (0.694187, 3296)
24 ==> 36 90 85 (0.734625, 3488)
24 ==> 36 34 (0.701348, 3330)
24 ==> 36 34 86 (0.701348, 3330)
24 ==> 36 34 86 85 (0.701348, 3330)
24 ==> 36 34 85 (0.701348, 3330)
24 ==> 36 86 (0.705139, 3348)
24 ==> 36 86 85 (0.705139, 3348)
24 ==> 36 85 (0.745577, 3540)
24 ==> 90 (0.928391, 4408)
24 ==> 90 34 (0.887953, 4216)
24 ==> 90 34 86 (0.886268, 4208)
24 ==> 90 34 86 85 (0.886268, 4208)
24 ==> 90 34 85 (0.887953, 4216)
24 ==> 90 86 (0.886268, 4208)
24 ==> 90 86 85 (0.886268, 4208)
24 ==> 90 85 (0.928391, 4408)
24 ==> 34 (0.955771, 4538)
24 ==> 34 86 (0.954086, 4530)
24 ==> 34 86 85 (0.954086, 4530)
24 ==> 34 85 (0.955771, 4538)
24 ==> 86 (0.957877, 4548)
24 ==> 86 85 (0.957877, 4548)
24 ==> 85 (1, 4748)
63 ==> 59 (0.841977, 4156)
59 ==> 63 (0.802937, 4156)
63 ==> 59 39 (0.620746, 3064)
59 39 ==> 63 (0.853007, 3064)
63 59 ==> 39 34 (0.691049, 2872)
63 39 ==> 59 34 (0.844706, 2872)
63 34 ==> 59 39 (0.605396, 2872)
59 39 ==> 63 34 (0.799555, 2872)
63 59 ==> 39 34 86 (0.691049, 2872)
63 39 ==> 59 34 86 (0.844706, 2872)
63 34 ==> 59 39 86 (0.605396, 2872)
63 86 ==> 59 39 34 (0.605396, 2872)
59 39 ==> 63 34 86 (0.799555, 2872)
63 59 ==> 39 34 86 85 (0.691049, 2872)
63 39 ==> 59 34 86 85 (0.844706, 2872)
63 34 ==> 59 39 86 85 (0.605396, 2872)
63 86 ==> 59 39 34 85 (0.605396, 2872)
59 39 ==> 63 34 86 85 (0.799555, 2872)
63 59 ==> 39 34 85 (0.691049, 2872)
63 39 ==> 59 34 85 (0.844706, 2872)
63 34 ==> 59 39 85 (0.605396, 2872)
59 39 ==> 63 34 85 (0.799555, 2872)
63 59 ==> 39 86 (0.691049, 2872)
63 39 ==> 59 86 (0.844706, 2872)
63 86 ==> 59 39 (0.605396, 2872)
59 39 ==> 63 86 (0.799555, 2872)
63 59 ==> 39 86 85 (0.691049, 2872)
63 39 ==> 59 86 85 (0.844706, 2872)
63 86 ==> 59 39 85 (0.605396, 2872)
59 39 ==> 63 86 85 (0.799555, 2872)
63 ==> 59 39 85 (0.620746, 3064)
59 39 ==> 63 85 (0.853007, 3064)
63 ==> 59 36 (0.745543, 3680)
59 ==> 63 36 (0.710974, 3680)
63 ==> 59 36 90 (0.685575, 3384)
59 ==> 63 36 90 (0.653787, 3384)
63 ==> 59 36 90 34 (0.646677, 3192)
59 ==> 63 36 90 34 (0.616692, 3192)
63 ==> 59 36 90 34 86 (0.646677, 3192)
59 ==> 63 36 90 34 86 (0.616692, 3192)
63 ==> 59 36 90 34 86 85 (0.646677, 3192)
59 ==> 63 36 90 34 86 85 (0.616692, 3192)
63 ==> 59 36 90 34 85 (0.646677, 3192)
59 ==> 63 36 90 34 85 (0.616692, 3192)
63 ==> 59 36 90 86 (0.646677, 3192)
59 ==> 63 36 90 86 (0.616692, 3192)
63 ==> 59 36 90 86 85 (0.646677, 3192)
59 ==> 63 36 90 86 85 (0.616692, 3192)
63 ==> 59 36 90 85 (0.685575, 3384)
59 ==> 63 36 90 85 (0.653787, 3384)
63 ==> 59 36 34 (0.706645, 3488)
59 ==> 63 36 34 (0.673879, 3488)
63 ==> 59 36 34 86 (0.706645, 3488)
59 ==> 63 36 34 86 (0.673879, 3488)
63 ==> 59 36 34 86 85 (0.706645, 3488)
59 ==> 63 36 34 86 85 (0.673879, 3488)
63 ==> 59 36 34 85 (0.706645, 3488)
59 ==> 63 36 34 85 (0.673879, 3488)
63 ==> 59 36 86 (0.706645, 3488)
59 ==> 63 36 86 (0.673879, 3488)
63 ==> 59 36 86 85 (0.706645, 3488)
59 ==> 63 36 86 85 (0.673879, 3488)
63 ==> 59 36 85 (0.745543, 3680)
59 ==> 63 36 85 (0.710974, 3680)
63 ==> 59 90 (0.767423, 3788)
59 ==> 63 90 (0.731839, 3788)
63 ==> 59 90 34 (0.728525, 3596)
59 ==> 63 90 34 (0.694745, 3596)
63 ==> 59 90 34 86 (0.728525, 3596)
59 ==> 63 90 34 86 (0.694745, 3596)
63 ==> 59 90 34 86 85 (0.728525, 3596)
59 ==> 63 90 34 86 85 (0.694745, 3596)
63 ==> 59 90 34 85 (0.728525, 3596)
59 ==> 63 90 34 85 (0.694745, 3596)
63 ==> 59 90 86 (0.728525, 3596)
59 ==> 63 90 86 (0.694745, 3596)
63 ==> 59 90 86 85 (0.728525, 3596)
59 ==> 63 90 86 85 (0.694745, 3596)
63 ==> 59 90 85 (0.767423, 3788)
59 ==> 63 90 85 (0.731839, 3788)
63 ==> 59 34 (0.803079, 3964)
59 ==> 63 34 (0.765842, 3964)
63 ==> 59 34 86 (0.803079, 3964)
59 ==> 63 34 86 (0.765842, 3964)
63 ==> 59 34 86 85 (0.803079, 3964)
59 ==> 63 34 86 85 (0.765842, 3964)
63 ==> 59 34 85 (0.803079, 3964)
59 ==> 63 34 85 (0.765842, 3964)
63 ==> 59 86 (0.803079, 3964)
59 ==> 63 86 (0.765842, 3964)
63 ==> 59 86 85 (0.803079, 3964)
59 ==> 63 86 85 (0.765842, 3964)
63 ==> 59 85 (0.841977, 4156)
59 ==> 63 85 (0.802937, 4156)
63 ==> 39 (0.688817, 3400)
39 ==> 63 (0.605845, 3400)
63 39 ==> 36 (0.844706, 2872)
63 36 ==> 39 (0.686424, 2872)
39 36 ==> 63 (0.630378, 2872)
63 39 ==> 36 85 (0.844706, 2872)
63 36 ==> 39 85 (0.686424, 2872)
39 36 ==> 63 85 (0.630378, 2872)
63 39 ==> 90 (0.870588, 2960)
63 90 ==> 39 (0.658363, 2960)
63 39 ==> 90 85 (0.870588, 2960)
63 90 ==> 39 85 (0.658363, 2960)
63 ==> 39 34 (0.649919, 3208)
63 ==> 39 34 86 (0.649919, 3208)
63 ==> 39 34 86 85 (0.649919, 3208)
63 ==> 39 34 85 (0.649919, 3208)
63 ==> 39 86 (0.649919, 3208)
63 ==> 39 86 85 (0.649919, 3208)
63 ==> 39 85 (0.688817, 3400)
39 ==> 63 85 (0.605845, 3400)
63 ==> 36 (0.84765, 4184)
36 ==> 63 (0.61421, 4184)
63 ==> 36 90 (0.787682, 3888)
36 90 ==> 63 (0.601485, 3888)
63 ==> 36 90 34 (0.748784, 3696)
63 ==> 36 90 34 86 (0.748784, 3696)
63 ==> 36 90 34 86 85 (0.748784, 3696)
63 ==> 36 90 34 85 (0.748784, 3696)
63 ==> 36 90 86 (0.748784, 3696)
63 ==> 36 90 86 85 (0.748784, 3696)
63 ==> 36 90 85 (0.787682, 3888)
36 90 ==> 63 85 (0.601485, 3888)
63 ==> 36 34 (0.808752, 3992)
36 34 ==> 63 (0.604665, 3992)
63 ==> 36 34 86 (0.808752, 3992)
36 34 ==> 63 86 (0.604665, 3992)
36 86 ==> 63 34 (0.603021, 3992)
63 ==> 36 34 86 85 (0.808752, 3992)
36 34 ==> 63 86 85 (0.604665, 3992)
36 86 ==> 63 34 85 (0.603021, 3992)
63 ==> 36 34 85 (0.808752, 3992)
36 34 ==> 63 85 (0.604665, 3992)
63 ==> 36 86 (0.808752, 3992)
36 86 ==> 63 (0.603021, 3992)
63 ==> 36 86 85 (0.808752, 3992)
36 86 ==> 63 85 (0.603021, 3992)
63 ==> 36 85 (0.84765, 4184)
36 ==> 63 85 (0.61421, 4184)
63 ==> 90 (0.910859, 4496)
90 ==> 63 (0.600427, 4496)
63 ==> 90 34 (0.871961, 4304)
63 ==> 90 34 86 (0.871961, 4304)
63 ==> 90 34 86 85 (0.871961, 4304)
63 ==> 90 34 85 (0.871961, 4304)
63 ==> 90 86 (0.871961, 4304)
63 ==> 90 86 85 (0.871961, 4304)
63 ==> 90 85 (0.910859, 4496)
90 ==> 63 85 (0.600427, 4496)
63 ==> 34 (0.961102, 4744)
63 ==> 34 86 (0.961102, 4744)
34 86 ==> 63 (0.600051, 4744)
63 ==> 34 86 85 (0.961102, 4744)
34 86 ==> 63 85 (0.600051, 4744)
63 ==> 34 85 (0.961102, 4744)
63 ==> 86 (0.961102, 4744)
63 ==> 86 85 (0.961102, 4744)
63 ==> 85 (1, 4936)
85 ==> 63 (0.607582, 4936)
59 ==> 39 (0.693972, 3592)
39 ==> 59 (0.640057, 3592)
59 39 ==> 36 (0.853007, 3064)
59 36 ==> 39 (0.692586, 3064)
39 36 ==> 59 (0.67252, 3064)
59 39 ==> 36 34 (0.799555, 2872)
59 36 ==> 39 34 (0.649186, 2872)
39 36 ==> 59 34 (0.630378, 2872)
59 39 ==> 36 34 86 (0.799555, 2872)
59 36 ==> 39 34 86 (0.649186, 2872)
39 36 ==> 59 34 86 (0.630378, 2872)
59 39 ==> 36 34 86 85 (0.799555, 2872)
59 36 ==> 39 34 86 85 (0.649186, 2872)
39 36 ==> 59 34 86 85 (0.630378, 2872)
59 39 ==> 36 34 85 (0.799555, 2872)
59 36 ==> 39 34 85 (0.649186, 2872)
39 36 ==> 59 34 85 (0.630378, 2872)
59 39 ==> 36 86 (0.799555, 2872)
59 36 ==> 39 86 (0.649186, 2872)
39 36 ==> 59 86 (0.630378, 2872)
59 39 ==> 36 86 85 (0.799555, 2872)
59 36 ==> 39 86 85 (0.649186, 2872)
39 36 ==> 59 86 85 (0.630378, 2872)
59 39 ==> 36 85 (0.853007, 3064)
59 36 ==> 39 85 (0.692586, 3064)
39 36 ==> 59 85 (0.67252, 3064)
59 ==> 39 90 (0.608964, 3152)
39 90 ==> 59 (0.633441, 3152)
59 39 ==> 90 34 (0.824053, 2960)
59 90 ==> 39 34 (0.625, 2960)
39 90 34 ==> 59 (0.618729, 2960)
59 39 ==> 90 34 86 (0.824053, 2960)
59 90 ==> 39 34 86 (0.625, 2960)
39 90 34 ==> 59 86 (0.618729, 2960)
39 90 86 ==> 59 34 (0.618729, 2960)
59 39 ==> 90 34 86 85 (0.824053, 2960)
59 90 ==> 39 34 86 85 (0.625, 2960)
39 90 34 ==> 59 86 85 (0.618729, 2960)
39 90 86 ==> 59 34 85 (0.618729, 2960)
59 39 ==> 90 34 85 (0.824053, 2960)
59 90 ==> 39 34 85 (0.625, 2960)
39 90 34 ==> 59 85 (0.618729, 2960)
59 39 ==> 90 86 (0.824053, 2960)
59 90 ==> 39 86 (0.625, 2960)
39 90 86 ==> 59 (0.618729, 2960)
59 39 ==> 90 86 85 (0.824053, 2960)
59 90 ==> 39 86 85 (0.625, 2960)
39 90 86 ==> 59 85 (0.618729, 2960)
59 ==> 39 90 85 (0.608964, 3152)
39 90 ==> 59 85 (0.633441, 3152)
59 ==> 39 34 (0.656878, 3400)
39 ==> 59 34 (0.605845, 3400)
59 ==> 39 34 86 (0.656878, 3400)
39 ==> 59 34 86 (0.605845, 3400)
59 ==> 39 34 86 85 (0.656878, 3400)
39 ==> 59 34 86 85 (0.605845, 3400)
59 ==> 39 34 85 (0.656878, 3400)
39 ==> 59 34 85 (0.605845, 3400)
59 ==> 39 86 (0.656878, 3400)
39 ==> 59 86 (0.605845, 3400)
59 ==> 39 86 85 (0.656878, 3400)
39 ==> 59 86 85 (0.605845, 3400)
59 ==> 39 85 (0.693972, 3592)
39 ==> 59 85 (0.640057, 3592)
59 ==> 36 (0.854714, 4424)
36 ==> 59 (0.649442, 4424)
59 ==> 36 90 (0.797527, 4128)
36 ==> 59 90 (0.605989, 4128)
59 ==> 36 90 34 (0.760433, 3936)
36 90 ==> 59 34 (0.608911, 3936)
59 ==> 36 90 34 86 (0.760433, 3936)
36 90 ==> 59 34 86 (0.608911, 3936)
59 ==> 36 90 34 86 85 (0.760433, 3936)
36 90 ==> 59 34 86 85 (0.608911, 3936)
59 ==> 36 90 34 85 (0.760433, 3936)
36 90 ==> 59 34 85 (0.608911, 3936)
59 ==> 36 90 86 (0.760433, 3936)
36 90 ==> 59 86 (0.608911, 3936)
59 ==> 36 90 86 85 (0.760433, 3936)
36 90 ==> 59 86 85 (0.608911, 3936)
59 ==> 36 90 85 (0.797527, 4128)
36 ==> 59 90 85 (0.605989, 4128)
59 ==> 36 34 (0.81762, 4232)
36 ==> 59 34 (0.621257, 4232)
59 ==> 36 34 86 (0.81762, 4232)
36 ==> 59 34 86 (0.621257, 4232)
59 ==> 36 34 86 85 (0.81762, 4232)
36 ==> 59 34 86 85 (0.621257, 4232)
59 ==> 36 34 85 (0.81762, 4232)
36 ==> 59 34 85 (0.621257, 4232)
59 ==> 36 86 (0.81762, 4232)
36 ==> 59 86 (0.621257, 4232)
59 ==> 36 86 85 (0.81762, 4232)
36 ==> 59 86 85 (0.621257, 4232)
59 ==> 36 85 (0.854714, 4424)
36 ==> 59 85 (0.649442, 4424)
59 ==> 90 (0.914992, 4736)
90 ==> 59 (0.632479, 4736)
59 ==> 90 34 (0.877898, 4544)
90 ==> 59 34 (0.606838, 4544)
59 ==> 90 34 86 (0.877898, 4544)
90 ==> 59 34 86 (0.606838, 4544)
59 ==> 90 34 86 85 (0.877898, 4544)
90 ==> 59 34 86 85 (0.606838, 4544)
59 ==> 90 34 85 (0.877898, 4544)
90 ==> 59 34 85 (0.606838, 4544)
59 ==> 90 86 (0.877898, 4544)
90 ==> 59 86 (0.606838, 4544)
59 ==> 90 86 85 (0.877898, 4544)
90 ==> 59 86 85 (0.606838, 4544)
59 ==> 90 85 (0.914992, 4736)
90 ==> 59 85 (0.632479, 4736)
59 ==> 34 (0.962906, 4984)
34 ==> 59 (0.62977, 4984)
59 ==> 34 86 (0.962906, 4984)
34 ==> 59 86 (0.62977, 4984)
86 ==> 59 34 (0.628975, 4984)
59 ==> 34 86 85 (0.962906, 4984)
34 ==> 59 86 85 (0.62977, 4984)
86 ==> 59 34 85 (0.628975, 4984)
85 ==> 59 34 86 (0.613491, 4984)
59 ==> 34 85 (0.962906, 4984)
34 ==> 59 85 (0.62977, 4984)
85 ==> 59 34 (0.613491, 4984)
59 ==> 86 (0.962906, 4984)
86 ==> 59 (0.628975, 4984)
59 ==> 86 85 (0.962906, 4984)
86 ==> 59 85 (0.628975, 4984)
85 ==> 59 86 (0.613491, 4984)
59 ==> 85 (1, 5176)
85 ==> 59 (0.637125, 5176)
39 ==> 36 (0.811832, 4556)
36 ==> 39 (0.66882, 4556)
39 ==> 36 90 (0.749822, 4208)
36 ==> 39 90 (0.617733, 4208)
39 ==> 36 90 34 (0.715609, 4016)
36 90 ==> 39 34 (0.621287, 4016)
36 34 ==> 39 90 (0.608301, 4016)
39 ==> 36 90 34 86 (0.715609, 4016)
36 90 ==> 39 34 86 (0.621287, 4016)
36 34 ==> 39 90 86 (0.608301, 4016)
36 86 ==> 39 90 34 (0.606647, 4016)
39 ==> 36 90 34 86 85 (0.715609, 4016)
36 90 ==> 39 34 86 85 (0.621287, 4016)
36 34 ==> 39 90 86 85 (0.608301, 4016)
36 86 ==> 39 90 34 85 (0.606647, 4016)
39 ==> 36 90 34 85 (0.715609, 4016)
36 90 ==> 39 34 85 (0.621287, 4016)
36 34 ==> 39 90 85 (0.608301, 4016)
39 ==> 36 90 86 (0.715609, 4016)
36 90 ==> 39 86 (0.621287, 4016)
36 86 ==> 39 90 (0.606647, 4016)
39 ==> 36 90 86 85 (0.715609, 4016)
36 90 ==> 39 86 85 (0.621287, 4016)
36 86 ==> 39 90 85 (0.606647, 4016)
39 ==> 36 90 85 (0.749822, 4208)
36 ==> 39 90 85 (0.617733, 4208)
39 ==> 36 34 (0.774412, 4346)
36 ==> 39 34 (0.637992, 4346)
39 ==> 36 34 86 (0.774412, 4346)
36 ==> 39 34 86 (0.637992, 4346)
39 ==> 36 34 86 85 (0.774412, 4346)
36 ==> 39 34 86 85 (0.637992, 4346)
39 ==> 36 34 85 (0.774412, 4346)
36 ==> 39 34 85 (0.637992, 4346)
39 ==> 36 86 (0.777619, 4364)
36 ==> 39 86 (0.640634, 4364)
39 ==> 36 86 85 (0.777619, 4364)
36 ==> 39 86 85 (0.640634, 4364)
39 ==> 36 85 (0.811832, 4556)
36 ==> 39 85 (0.66882, 4556)
39 ==> 90 (0.886671, 4976)
90 ==> 39 (0.66453, 4976)
39 ==> 90 34 (0.852459, 4784)
90 ==> 39 34 (0.638889, 4784)
34 ==> 39 90 (0.604498, 4784)
39 ==> 90 34 86 (0.852459, 4784)
90 ==> 39 34 86 (0.638889, 4784)
34 ==> 39 90 86 (0.604498, 4784)
86 ==> 39 90 34 (0.603735, 4784)
39 ==> 90 34 86 85 (0.852459, 4784)
90 ==> 39 34 86 85 (0.638889, 4784)
34 ==> 39 90 86 85 (0.604498, 4784)
86 ==> 39 90 34 85 (0.603735, 4784)
39 ==> 90 34 85 (0.852459, 4784)
90 ==> 39 34 85 (0.638889, 4784)
34 ==> 39 90 85 (0.604498, 4784)
39 ==> 90 86 (0.852459, 4784)
90 ==> 39 86 (0.638889, 4784)
86 ==> 39 90 (0.603735, 4784)
39 ==> 90 86 85 (0.852459, 4784)
90 ==> 39 86 85 (0.638889, 4784)
86 ==> 39 90 85 (0.603735, 4784)
39 ==> 90 85 (0.886671, 4976)
90 ==> 39 85 (0.66453, 4976)
85 ==> 39 90 (0.612506, 4976)
39 ==> 34 (0.96258, 5402)
34 ==> 39 (0.682588, 5402)
39 ==> 34 86 (0.96258, 5402)
34 ==> 39 86 (0.682588, 5402)
86 ==> 39 34 (0.681726, 5402)
39 ==> 34 86 85 (0.96258, 5402)
34 ==> 39 86 85 (0.682588, 5402)
86 ==> 39 34 85 (0.681726, 5402)
85 ==> 39 34 86 (0.664943, 5402)
39 ==> 34 85 (0.96258, 5402)
34 ==> 39 85 (0.682588, 5402)
85 ==> 39 34 (0.664943, 5402)
39 ==> 86 (0.965788, 5420)
86 ==> 39 (0.683998, 5420)
39 ==> 86 85 (0.965788, 5420)
86 ==> 39 85 (0.683998, 5420)
85 ==> 39 86 (0.667159, 5420)
39 ==> 85 (1, 5612)
85 ==> 39 (0.690793, 5612)
36 ==> 90 (0.948914, 6464)
90 ==> 36 (0.863248, 6464)
36 ==> 90 34 (0.920728, 6272)
90 ==> 36 34 (0.837607, 6272)
34 ==> 36 90 (0.79252, 6272)
36 ==> 90 34 86 (0.920728, 6272)
90 ==> 36 34 86 (0.837607, 6272)
34 ==> 36 90 86 (0.79252, 6272)
86 ==> 36 90 34 (0.791519, 6272)
36 ==> 90 34 86 85 (0.920728, 6272)
90 ==> 36 34 86 85 (0.837607, 6272)
34 ==> 36 90 86 85 (0.79252, 6272)
86 ==> 36 90 34 85 (0.791519, 6272)
85 ==> 36 90 34 86 (0.772033, 6272)
36 ==> 90 34 85 (0.920728, 6272)
90 ==> 36 34 85 (0.837607, 6272)
34 ==> 36 90 85 (0.79252, 6272)
85 ==> 36 90 34 (0.772033, 6272)
36 ==> 90 86 (0.920728, 6272)
90 ==> 36 86 (0.837607, 6272)
86 ==> 36 90 (0.791519, 6272)
36 ==> 90 86 85 (0.920728, 6272)
90 ==> 36 86 85 (0.837607, 6272)
86 ==> 36 90 85 (0.791519, 6272)
85 ==> 36 90 86 (0.772033, 6272)
36 ==> 90 85 (0.948914, 6464)
90 ==> 36 85 (0.863248, 6464)
85 ==> 36 90 (0.795667, 6464)
36 ==> 34 (0.969172, 6602)
34 ==> 36 (0.834218, 6602)
36 ==> 34 86 (0.969172, 6602)
34 ==> 36 86 (0.834218, 6602)
86 ==> 36 34 (0.833165, 6602)
36 ==> 34 86 85 (0.969172, 6602)
34 ==> 36 86 85 (0.834218, 6602)
86 ==> 36 34 85 (0.833165, 6602)
85 ==> 36 34 86 (0.812654, 6602)
36 ==> 34 85 (0.969172, 6602)
34 ==> 36 85 (0.834218, 6602)
85 ==> 36 34 (0.812654, 6602)
36 ==> 86 (0.971814, 6620)
86 ==> 36 (0.835437, 6620)
36 ==> 86 85 (0.971814, 6620)
86 ==> 36 85 (0.835437, 6620)
85 ==> 36 86 (0.81487, 6620)
36 ==> 85 (1, 6812)
85 ==> 36 (0.838503, 6812)
90 ==> 34 (0.974359, 7296)
34 ==> 90 (0.921911, 7296)
90 ==> 34 86 (0.973291, 7288)
34 ==> 90 86 (0.9209, 7288)
86 ==> 90 34 (0.919738, 7288)
90 ==> 34 86 85 (0.973291, 7288)
34 ==> 90 86 85 (0.9209, 7288)
86 ==> 90 34 85 (0.919738, 7288)
85 ==> 90 34 86 (0.897095, 7288)
90 ==> 34 85 (0.974359, 7296)
34 ==> 90 85 (0.921911, 7296)
85 ==> 90 34 (0.89808, 7296)
90 ==> 86 (0.973291, 7288)
86 ==> 90 (0.919738, 7288)
90 ==> 86 85 (0.973291, 7288)
86 ==> 90 85 (0.919738, 7288)
85 ==> 90 86 (0.897095, 7288)
90 ==> 85 (1, 7488)
85 ==> 90 (0.921713, 7488)
34 ==> 86 (0.998989, 7906)
86 ==> 34 (0.997728, 7906)
34 ==> 86 85 (0.998989, 7906)
86 ==> 34 85 (0.997728, 7906)
85 ==> 34 86 (0.973166, 7906)
34 ==> 85 (1, 7914)
85 ==> 34 (0.974151, 7914)
86 ==> 85 (1, 7924)
85 ==> 86 (0.975382, 7924)